Airport,Year,Month,Domestic_Inbound,Domestic_Outbound,Domestic_Total,International_Inbound,International_Outbound,International_Total,Total_Inbound,Total_Outbound,Total_Passengers
ADELAIDE,2009,1,259510,258122,517632,25145,19968,45113,284655,278090,562745
ADELAIDE,2009,2,234778,232142,466920,21389,14795,36184,256167,246937,503104
ADELAIDE,2009,3,280441,284820,565261,19466,18154,37620,299907,302974,602881
ADELAIDE,2009,4,274359,281163,555522,20087,21353,41440,294446,302516,596962
ADELAIDE,2009,5,258273,258930,517203,17085,19321,36406,275358,278251,553609
ADELAIDE,2009,6,242263,242610,484873,17680,19449,37129,259943,262059,522002
ADELAIDE,2009,7,269949,272217,542166,24152,21200,45352,294101,293417,587518
ADELAIDE,2009,8,269480,269355,538835,20859,19768,40627,290339,289123,579462
ADELAIDE,2009,9,264127,267734,531861,22039,22699,44738,286166,290433,576599
ADELAIDE,2009,10,284313,277153,561466,26544,20496,47040,310857,297649,608506
ADELAIDE,2009,11,264644,266874,531518,21906,21543,43449,286550,288417,574967
ADELAIDE,2009,12,262735,264356,527091,21402,24899,46301,284137,289255,573392
ADELAIDE,2010,1,260489,258574,519063,26569,22236,48805,287058,280810,567868
ADELAIDE,2010,2,251775,248044,499819,21576,16706,38282,273351,264750,538101
ADELAIDE,2010,3,292054,294892,586946,22086,20609,42695,314140,315501,629641
ADELAIDE,2010,4,290702,296008,586710,22393,23027,45420,313095,319035,632130
ADELAIDE,2010,5,269597,272381,541978,18231,21100,39331,287828,293481,581309
ADELAIDE,2010,6,260162,264413,524575,19742,21699,41441,279904,286112,566016
ADELAIDE,2010,7,293548,297128,590676,25332,21846,47178,318880,318974,637854
ADELAIDE,2010,8,283786,283560,567346,21613,21756,43369,305399,305316,610715
ADELAIDE,2010,9,282205,287767,569972,23201,22552,45753,305406,310319,615725
ADELAIDE,2010,10,313687,301158,614845,27111,19830,46941,340798,320988,661786
ADELAIDE,2010,11,283723,284665,568388,22317,21729,44046,306040,306394,612434
ADELAIDE,2010,12,292916,295017,587933,23166,25965,49131,316082,320982,637064
ADELAIDE,2011,1,275339,273902,549241,26556,22938,49494,301895,296840,598735
ADELAIDE,2011,2,253474,247288,500762,22587,17514,40101,276061,264802,540863
ADELAIDE,2011,3,293734,295355,589089,21787,21351,43138,315521,316706,632227
ADELAIDE,2011,4,282981,286574,569555,22983,25799,48782,305964,312373,618337
ADELAIDE,2011,5,273748,274350,548098,21287,24027,45314,295035,298377,593412
ADELAIDE,2011,6,237077,237976,475053,21671,22929,44600,258748,260905,519653
ADELAIDE,2011,7,273786,277032,550818,28138,25253,53391,301924,302285,604209
ADELAIDE,2011,8,263100,263060,526160,25653,24324,49977,288753,287384,576137
ADELAIDE,2011,9,262527,261455,523982,25906,25166,51072,288433,286621,575054
ADELAIDE,2011,10,278028,273082,551110,28930,23095,52025,306958,296177,603135
ADELAIDE,2011,11,264907,266632,531539,24604,23324,47928,289511,289956,579467
ADELAIDE,2011,12,262361,260566,522927,26035,31216,57251,288396,291782,580178
ADELAIDE,2012,1,258727,260757,519484,34486,27251,61737,293213,288008,581221
ADELAIDE,2012,2,250287,241533,491820,26957,20520,47477,277244,262053,539297
ADELAIDE,2012,3,277032,282302,559334,25746,25886,51632,302778,308188,610966
ADELAIDE,2012,4,264048,267193,531241,25399,26317,51716,289447,293510,582957
ADELAIDE,2012,5,261753,264360,526113,20661,24575,45236,282414,288935,571349
ADELAIDE,2012,6,243743,249972,493715,23206,26101,49307,266949,276073,543022
ADELAIDE,2012,7,275669,269885,545554,31466,24802,56268,307135,294687,601822
ADELAIDE,2012,8,263168,265243,528411,24624,24733,49357,287792,289976,577768
ADELAIDE,2012,9,269802,270676,540478,27126,27912,55038,296928,298588,595516
ADELAIDE,2012,10,287626,281100,568726,30722,22970,53692,318348,304070,622418
ADELAIDE,2012,11,285081,283544,568625,28453,30172,58625,313534,313716,627250
ADELAIDE,2012,12,271564,271750,543314,31996,37996,69992,303560,309746,613306
ADELAIDE,2013,1,262467,266159,528626,39912,30336,70248,302379,296495,598874
ADELAIDE,2013,2,245055,237296,482351,32894,25038,57932,277949,262334,540283
ADELAIDE,2013,3,282049,284894,566943,30633,30591,61224,312682,315485,628167
ADELAIDE,2013,4,280700,287113,567813,30059,33507,63566,310759,320620,631379
ADELAIDE,2013,5,259610,263814,523424,25232,29676,54908,284842,293490,578332
ADELAIDE,2013,6,249959,247004,496963,27642,30977,58619,277601,277981,555582
ADELAIDE,2013,7,285287,290626,575913,38906,33858,72764,324193,324484,648677
ADELAIDE,2013,8,269836,269808,539644,33245,31092,64337,303081,300900,603981
ADELAIDE,2013,9,272655,272652,545307,34517,35056,69573,307172,307708,614880
ADELAIDE,2013,10,306551,300868,607419,39954,28567,68521,346505,329435,675940
ADELAIDE,2013,11,279869,279000,558869,34066,34016,68082,313935,313016,626951
ADELAIDE,2013,12,291204,289813,581017,39818,49993,89811,331022,339806,670828
ADELAIDE,2014,1,277737,278835,556572,53530,41795,95325,331267,320630,651897
ADELAIDE,2014,2,253235,250818,504053,40484,29320,69804,293719,280138,573857
ADELAIDE,2014,3,287307,293996,581303,35407,35805,71212,322714,329801,652515
ADELAIDE,2014,4,283121,285267,568388,39176,42911,82087,322297,328178,650475
ADELAIDE,2014,5,266981,269417,536398,34798,39547,74345,301779,308964,610743
ADELAIDE,2014,6,260567,255415,515982,35861,44801,80662,296428,300216,596644
ADELAIDE,2014,7,284112,289631,573743,51507,44103,95610,335619,333734,669353
ADELAIDE,2014,8,280822,280400,561222,41013,39796,80809,321835,320196,642031
ADELAIDE,2014,9,276540,280913,557453,39785,40956,80741,316325,321869,638194
ADELAIDE,2014,10,319150,311531,630681,44279,35206,79485,363429,346737,710166
ADELAIDE,2014,11,279539,279238,558777,33966,35010,68976,313505,314248,627753
ADELAIDE,2014,12,295383,291644,587027,38989,49220,88209,334372,340864,675236
ADELAIDE,2015,1,271005,273323,544328,50816,40325,91141,321821,313648,635469
ADELAIDE,2015,2,255345,248620,503965,38274,30765,69039,293619,279385,573004
ADELAIDE,2015,3,291956,293217,585173,34114,36696,70810,326070,329913,655983
ADELAIDE,2015,4,291914,294232,586146,33223,37246,70469,325137,331478,656615
ADELAIDE,2015,5,270553,272195,542748,31243,36424,67667,301796,308619,610415
ADELAIDE,2015,6,252967,252494,505461,32695,37826,70521,285662,290320,575982
ADELAIDE,2015,7,296045,302047,598092,40295,36893,77188,336340,338940,675280
ADELAIDE,2015,8,282798,277223,560021,35798,34901,70699,318596,312124,630720
ADELAIDE,2015,9,279982,283113,563095,35418,35682,71100,315400,318795,634195
ADELAIDE,2015,10,315821,304706,620527,39982,32407,72389,355803,337113,692916
ADELAIDE,2015,11,296138,294450,590588,30136,30705,60841,326274,325155,651429
ADELAIDE,2015,12,298324,301313,599637,36126,43398,79524,334450,344711,679161
ADELAIDE,2016,1,282520,284142,566662,44890,39537,84427,327410,323679,651089
ADELAIDE,2016,2,267124,259758,526882,35415,29381,64796,302539,289139,591678
ADELAIDE,2016,3,305728,298866,604594,32873,33552,66425,338601,332418,671019
ADELAIDE,2016,4,291320,302867,594187,31541,36181,67722,322861,339048,661909
ADELAIDE,2016,5,281939,282036,563975,31336,37676,69012,313275,319712,632987
ADELAIDE,2016,6,269707,262566,532273,33289,39790,73079,302996,302356,605352
ADELAIDE,2016,7,300002,307952,607954,47258,43425,90683,347260,351377,698637
ADELAIDE,2016,8,284393,279860,564253,39027,40220,79247,323420,320080,643500
ADELAIDE,2016,9,293756,288573,582329,42085,41067,83152,335841,329640,665481
ADELAIDE,2016,10,317098,319192,636290,46341,35408,81749,363439,354600,718039
ADELAIDE,2016,11,304689,305932,610621,34776,36227,71003,339465,342159,681624
ADELAIDE,2016,12,304574,301400,605974,41707,51177,92884,346281,352577,698858
ADELAIDE,2017,1,292441,295396,587837,51344,42933,94277,343785,338329,682114
ADELAIDE,2017,2,265665,258284,523949,37838,30773,68611,303503,289057,592560
ADELAIDE,2017,3,309494,311591,621085,34763,36346,71109,344257,347937,692194
ADELAIDE,2017,4,294726,296413,591139,34119,39693,73812,328845,336106,664951
ADELAIDE,2017,5,285884,284998,570882,33197,37924,71121,319081,322922,642003
ADELAIDE,2017,6,273329,272795,546124,34097,39198,73295,307426,311993,619419
ADELAIDE,2017,7,308341,310767,619108,46589,43123,89712,354930,353890,708820
ADELAIDE,2017,8,289066,285877,574943,42160,40424,82584,331226,326301,657527
ADELAIDE,2017,9,296741,294811,591552,44410,42623,87033,341151,337434,678585
ADELAIDE,2017,10,327412,326148,653560,46426,36194,82620,373838,362342,736180
ADELAIDE,2017,11,316350,311569,627919,37547,36871,74418,353897,348440,702337
ADELAIDE,2017,12,318458,322403,640861,42206,52177,94383,360664,374580,735244
ADELAIDE,2018,1,300307,304558,604865,58412,47172,105584,358719,351730,710449
ADELAIDE,2018,2,276851,270512,547363,40981,32712,73693,317832,303224,621056
ADELAIDE,2018,3,320101,318876,638977,37451,40042,77493,357552,358918,716470
ADELAIDE,2018,4,311318,316660,627978,36246,41703,77949,347564,358363,705927
ADELAIDE,2018,5,294206,295304,589510,34981,39547,74528,329187,334851,664038
ADELAIDE,2018,6,279737,278632,558369,34610,43963,78573,314347,322595,636942
ADELAIDE,2018,7,318564,319765,638329,48394,42872,91266,366958,362637,729595
ADELAIDE,2018,8,303083,299851,602934,43581,43992,87573,346664,343843,690507
ADELAIDE,2018,9,300580,300750,601330,45590,43804,89394,346170,344554,690724
ADELAIDE,2018,10,329727,327636,657363,49784,38321,88105,379511,365957,745468
ADELAIDE,2018,11,317799,316175,633974,40957,41321,82278,358756,357496,716252
ADELAIDE,2018,12,309982,309368,619350,44574,54951,99525,354556,364319,718875
ADELAIDE,2019,1,293965,298986,592951,58221,49255,107476,352186,348241,700427
ADELAIDE,2019,2,278620,272735,551355,44990,35260,80250,323610,307995,631605
ADELAIDE,2019,3,314477,318070,632547,38857,39981,78838,353334,358051,711385
ADELAIDE,2019,4,315393,315365,630758,40996,46294,87290,356389,361659,718048
ADELAIDE,2019,5,294271,296479,590750,38454,43024,81478,332725,339503,672228
ADELAIDE,2019,6,279068,275957,555025,40583,47455,88038,319651,323412,643063
ADELAIDE,2019,7,321154,325056,646210,55934,49299,105233,377088,374355,751443
ADELAIDE,2019,8,310165,307344,617509,49885,49320,99205,360050,356664,716714
ADELAIDE,2019,9,308230,308039,616269,53080,51858,104938,361310,359897,721207
ADELAIDE,2019,10,345636,343411,689047,55867,43338,99205,401503,386749,788252
ADELAIDE,2019,11,320697,322044,642741,43856,43075,86931,364553,365119,729672
ADELAIDE,2019,12,311283,311134,622417,48765,60945,109710,360048,372079,732127
ADELAIDE,2020,1,294269,298774,593043,63966,53541,117507,358235,352315,710550
ADELAIDE,2020,2,275909,266178,542087,41150,30615,71765,317059,296793,613852
ADELAIDE,2020,3,192633,193960,386593,23735,18459,42194,216368,212419,428787
ADELAIDE,2020,4,5462,6383,11845,0,0,0,5462,6383,11845
ADELAIDE,2020,5,7273,8466,15739,0,0,0,7273,8466,15739
ADELAIDE,2020,6,12264,12993,25257,26,51,77,12290,13044,25334
ADELAIDE,2020,7,25774,27491,53265,350,313,663,26124,27804,53928
ADELAIDE,2020,8,36135,38427,74562,754,661,1415,36889,39088,75977
ADELAIDE,2020,9,49137,50346,99483,1123,590,1713,50260,50936,101196
ADELAIDE,2020,10,90979,90918,181897,1509,537,2046,92488,91455,183943
ADELAIDE,2020,11,70193,73760,143953,959,481,1440,71152,74241,145393
ADELAIDE,2020,12,112726,108004,220730,1429,710,2139,114155,108714,222869
ADELAIDE,2021,1,112901,120628,233529,2115,526,2641,115016,121154,236170
ADELAIDE,2021,2,97732,97565,195297,1919,459,2378,99651,98024,197675
ADELAIDE,2021,3,171916,171932,343848,2124,413,2537,174040,172345,346385
ADELAIDE,2021,4,226873,231100,457973,1798,439,2237,228671,231539,460210
ADELAIDE,2021,5,208206,212298,420504,2823,1464,4287,211029,213762,424791
ADELAIDE,2021,6,148588,149609,298197,3040,1642,4682,151628,151251,302879
ADELAIDE,2021,7,65265,66156,131421,2816,2120,4936,68081,68276,136357
ADELAIDE,2021,8,39127,39952,79079,1063,871,1934,40190,40823,81013
ADELAIDE,2021,9,78689,81802,160491,1173,681,1854,79862,82483,162345
ADELAIDE,2021,10,93731,91605,185336,1152,835,1987,94883,92440,187323
ADELAIDE,2021,11,116813,113929,230742,1180,1299,2479,117993,115228,233221
ADELAIDE,2021,12,152001,142689,294690,937,2799,3736,152938,145488,298426
ADELAIDE,2022,1,127555,129736,257291,4211,3718,7929,131766,133454,265220
ADELAIDE,2022,2,138158,134762,272920,7289,4956,12245,145447,139718,285165
ADELAIDE,2022,3,222888,220124,443012,7098,8046,15144,229986,228170,458156
ADELAIDE,2022,4,281960,284961,566921,10306,12112,22418,292266,297073,589339
ADELAIDE,2022,5,268778,265119,533897,12693,12808,25501,281471,277927,559398
ADELAIDE,2022,6,263202,258308,521510,13847,17516,31363,277049,275824,552873
ADELAIDE,2022,7,287105,291796,578901,22259,22240,44499,309364,314036,623400
ADELAIDE,2022,8,269233,261865,531098,21150,20231,41381,290383,282096,572479
ADELAIDE,2022,9,276769,271841,548610,23363,22819,46182,300132,294660,594792
ADELAIDE,2022,10,304480,300696,605176,25603,22827,48430,330083,323523,653606
ADELAIDE,2022,11,289145,290101,579246,26291,25667,51958,315436,315768,631204
ADELAIDE,2022,12,286051,282226,568277,28493,34434,62927,314544,316660,631204
ADELAIDE,2023,1,274435,279785,554220,41237,34113,75350,315672,313898,629570
ADELAIDE,2023,2,255626,250364,505990,30587,24931,55518,286213,275295,561508
ADELAIDE,2023,3,310519,306729,617248,33742,30455,64197,344261,337184,681445
ADELAIDE,2023,4,299384,301115,600499,36738,38284,75022,336122,339399,675521
ADELAIDE,2023,5,296058,291446,587504,31211,33022,64233,327269,324468,651737
ADELAIDE,2023,6,272888,275630,548518,31799,35432,67231,304687,311062,615749
ADELAIDE,2023,7,299971,306821,606792,45312,40896,86208,345283,347717,693000
ADELAIDE,2023,8,299771,293865,593636,36548,33483,70031,336319,327348,663667
ADELAIDE,2023,9,297536,300179,597715,39684,37768,77452,337220,337947,675167
ADELAIDE,2023,10,331244,327522,658766,44490,35907,80397,375734,363429,739163
ADELAIDE,2023,11,317671,320807,638478,36152,34700,70852,353823,355507,709330
ADELAIDE,2023,12,306084,300922,607006,41665,52958,94623,347749,353880,701629
ADELAIDE,2024,1,298535,303488,602023,59785,42023,101808,358320,345511,703831
ADELAIDE,2024,2,293471,285493,578964,37176,29696,66872,330647,315189,645836
ADELAIDE,2024,3,320056,311979,632035,33433,35570,69003,353489,347549,701038
ADELAIDE,2024,4,320260,331591,651851,40476,41307,81783,360736,372898,733634
ADELAIDE,2024,5,290654,292244,582898,35227,37267,72494,325881,329511,655392
ADELAIDE,2024,6,271998,275389,547387,37588,42099,79687,309586,317488,627074
BALLINA,2009,1,15908,17145,33053,0,0,0,15908,17145,33053
BALLINA,2009,2,14005,14383,28388,0,0,0,14005,14383,28388
BALLINA,2009,3,15057,15227,30284,0,0,0,15057,15227,30284
BALLINA,2009,4,14106,14505,28611,0,0,0,14106,14505,28611
BALLINA,2009,5,12974,13013,25987,0,0,0,12974,13013,25987
BALLINA,2009,6,12333,11927,24260,0,0,0,12333,11927,24260
BALLINA,2009,7,13878,14196,28074,0,0,0,13878,14196,28074
BALLINA,2009,8,10524,10682,21206,0,0,0,10524,10682,21206
BALLINA,2009,9,11389,10984,22373,0,0,0,11389,10984,22373
BALLINA,2009,10,12826,12747,25573,0,0,0,12826,12747,25573
BALLINA,2009,11,12736,12491,25227,0,0,0,12736,12491,25227
BALLINA,2009,12,12602,12676,25278,0,0,0,12602,12676,25278
BALLINA,2010,1,12345,13148,25493,0,0,0,12345,13148,25493
BALLINA,2010,2,10903,10929,21832,0,0,0,10903,10929,21832
BALLINA,2010,3,11282,11338,22620,0,0,0,11282,11338,22620
BALLINA,2010,4,10375,10614,20989,0,0,0,10375,10614,20989
BALLINA,2010,5,9295,9346,18641,0,0,0,9295,9346,18641
BALLINA,2010,6,8547,8531,17078,0,0,0,8547,8531,17078
BALLINA,2010,7,10340,10053,20393,0,0,0,10340,10053,20393
BALLINA,2010,8,10601,10387,20988,0,0,0,10601,10387,20988
BALLINA,2010,9,11961,11206,23167,0,0,0,11961,11206,23167
BALLINA,2010,10,12623,13407,26030,0,0,0,12623,13407,26030
BALLINA,2010,11,11610,11485,23095,0,0,0,11610,11485,23095
BALLINA,2010,12,14405,14158,28563,0,0,0,14405,14158,28563
BALLINA,2011,1,14507,16411,30918,0,0,0,14507,16411,30918
BALLINA,2011,2,11708,11897,23605,0,0,0,11708,11897,23605
BALLINA,2011,3,12864,13188,26052,0,0,0,12864,13188,26052
BALLINA,2011,4,13126,13075,26201,0,0,0,13126,13075,26201
BALLINA,2011,5,10696,11369,22065,0,0,0,10696,11369,22065
BALLINA,2011,6,10144,10101,20245,0,0,0,10144,10101,20245
BALLINA,2011,7,13150,13011,26161,0,0,0,13150,13011,26161
BALLINA,2011,8,11550,12010,23560,0,0,0,11550,12010,23560
BALLINA,2011,9,14019,13116,27135,0,0,0,14019,13116,27135
BALLINA,2011,10,13536,14114,27650,0,0,0,13536,14114,27650
BALLINA,2011,11,13089,13060,26149,0,0,0,13089,13060,26149
BALLINA,2011,12,15756,15002,30758,0,0,0,15756,15002,30758
BALLINA,2012,1,17159,18871,36030,0,0,0,17159,18871,36030
BALLINA,2012,2,11864,12078,23942,0,0,0,11864,12078,23942
BALLINA,2012,3,13097,13152,26249,0,0,0,13097,13152,26249
BALLINA,2012,4,14958,15119,30077,0,0,0,14958,15119,30077
BALLINA,2012,5,12359,12738,25097,0,0,0,12359,12738,25097
BALLINA,2012,6,12002,11339,23341,0,0,0,12002,11339,23341
BALLINA,2012,7,13998,14481,28479,0,0,0,13998,14481,28479
BALLINA,2012,8,13031,13376,26407,0,0,0,13031,13376,26407
BALLINA,2012,9,15200,14538,29738,0,0,0,15200,14538,29738
BALLINA,2012,10,15682,16492,32174,0,0,0,15682,16492,32174
BALLINA,2012,11,15070,15099,30169,0,0,0,15070,15099,30169
BALLINA,2012,12,17720,16588,34308,0,0,0,17720,16588,34308
BALLINA,2013,1,17319,19332,36651,0,0,0,17319,19332,36651
BALLINA,2013,2,11303,11795,23098,0,0,0,11303,11795,23098
BALLINA,2013,3,14423,13705,28128,0,0,0,14423,13705,28128
BALLINA,2013,4,16197,17705,33902,0,0,0,16197,17705,33902
BALLINA,2013,5,13735,13983,27718,0,0,0,13735,13983,27718
BALLINA,2013,6,14258,14033,28291,0,0,0,14258,14033,28291
BALLINA,2013,7,16020,16237,32257,0,0,0,16020,16237,32257
BALLINA,2013,8,14164,14148,28312,0,0,0,14164,14148,28312
BALLINA,2013,9,17534,16433,33967,0,0,0,17534,16433,33967
BALLINA,2013,10,17876,19052,36928,0,0,0,17876,19052,36928
BALLINA,2013,11,16444,16818,33262,0,0,0,16444,16818,33262
BALLINA,2013,12,20927,18906,39833,0,0,0,20927,18906,39833
BALLINA,2014,1,20119,22230,42349,0,0,0,20119,22230,42349
BALLINA,2014,2,14861,15231,30092,0,0,0,14861,15231,30092
BALLINA,2014,3,15663,16084,31747,0,0,0,15663,16084,31747
BALLINA,2014,4,16926,17256,34182,0,0,0,16926,17256,34182
BALLINA,2014,5,13210,13552,26762,0,0,0,13210,13552,26762
BALLINA,2014,6,14762,14552,29314,0,0,0,14762,14552,29314
BALLINA,2014,7,17839,18283,36122,0,0,0,17839,18283,36122
BALLINA,2014,8,14707,15200,29907,0,0,0,14707,15200,29907
BALLINA,2014,9,19834,19049,38883,0,0,0,19834,19049,38883
BALLINA,2014,10,19283,19973,39256,0,0,0,19283,19973,39256
BALLINA,2014,11,18158,18119,36277,0,0,0,18158,18119,36277
BALLINA,2014,12,20079,19225,39304,0,0,0,20079,19225,39304
BALLINA,2015,1,21764,23672,45436,0,0,0,21764,23672,45436
BALLINA,2015,2,15486,15959,31445,0,0,0,15486,15959,31445
BALLINA,2015,3,18102,17984,36086,0,0,0,18102,17984,36086
BALLINA,2015,4,19599,20173,39772,0,0,0,19599,20173,39772
BALLINA,2015,5,15937,16216,32153,0,0,0,15937,16216,32153
BALLINA,2015,6,16250,16135,32385,0,0,0,16250,16135,32385
BALLINA,2015,7,18513,19000,37513,0,0,0,18513,19000,37513
BALLINA,2015,8,17107,17073,34180,0,0,0,17107,17073,34180
BALLINA,2015,9,21295,20346,41641,0,0,0,21295,20346,41641
BALLINA,2015,10,21492,22587,44079,0,0,0,21492,22587,44079
BALLINA,2015,11,18420,18281,36701,0,0,0,18420,18281,36701
BALLINA,2015,12,22277,21230,43507,0,0,0,22277,21230,43507
BALLINA,2016,1,22620,24286,46906,0,0,0,22620,24286,46906
BALLINA,2016,2,18248,18346,36594,0,0,0,18248,18346,36594
BALLINA,2016,3,21013,20676,41689,0,0,0,21013,20676,41689
BALLINA,2016,4,19736,20262,39998,0,0,0,19736,20262,39998
BALLINA,2016,5,16647,17018,33665,0,0,0,16647,17018,33665
BALLINA,2016,6,16601,15990,32591,0,0,0,16601,15990,32591
BALLINA,2016,7,20878,21002,41880,0,0,0,20878,21002,41880
BALLINA,2016,8,16839,17001,33840,0,0,0,16839,17001,33840
BALLINA,2016,9,22038,20627,42665,0,0,0,22038,20627,42665
BALLINA,2016,10,23453,23982,47435,0,0,0,23453,23982,47435
BALLINA,2016,11,20317,20018,40335,0,0,0,20317,20018,40335
BALLINA,2016,12,25920,24405,50325,0,0,0,25920,24405,50325
BALLINA,2017,1,24867,27034,51901,0,0,0,24867,27034,51901
BALLINA,2017,2,18510,18387,36897,0,0,0,18510,18387,36897
BALLINA,2017,3,20445,20625,41070,0,0,0,20445,20625,41070
BALLINA,2017,4,24319,24171,48490,0,0,0,24319,24171,48490
BALLINA,2017,5,16786,17416,34202,0,0,0,16786,17416,34202
BALLINA,2017,6,17159,16600,33759,0,0,0,17159,16600,33759
BALLINA,2017,7,20665,20831,41496,0,0,0,20665,20831,41496
BALLINA,2017,8,16863,16984,33847,0,0,0,16863,16984,33847
BALLINA,2017,9,22647,21343,43990,0,0,0,22647,21343,43990
BALLINA,2017,10,24283,25312,49595,0,0,0,24283,25312,49595
BALLINA,2017,11,21524,21530,43054,0,0,0,21524,21530,43054
BALLINA,2017,12,26533,24745,51278,0,0,0,26533,24745,51278
BALLINA,2018,1,27192,29470,56662,0,0,0,27192,29470,56662
BALLINA,2018,2,20782,20844,41626,0,0,0,20782,20844,41626
BALLINA,2018,3,22795,21894,44689,0,0,0,22795,21894,44689
BALLINA,2018,4,23004,24426,47430,0,0,0,23004,24426,47430
BALLINA,2018,5,18588,18802,37390,0,0,0,18588,18802,37390
BALLINA,2018,6,18215,17502,35717,0,0,0,18215,17502,35717
BALLINA,2018,7,22997,23183,46180,0,0,0,22997,23183,46180
BALLINA,2018,8,20039,20084,40123,0,0,0,20039,20084,40123
BALLINA,2018,9,21971,20995,42966,0,0,0,21971,20995,42966
BALLINA,2018,10,25099,25794,50893,0,0,0,25099,25794,50893
BALLINA,2018,11,21694,21290,42984,0,0,0,21694,21290,42984
BALLINA,2018,12,26557,24963,51520,0,0,0,26557,24963,51520
BALLINA,2019,1,27119,29344,56463,0,0,0,27119,29344,56463
BALLINA,2019,2,18999,19168,38167,0,0,0,18999,19168,38167
BALLINA,2019,3,22612,22596,45208,0,0,0,22612,22596,45208
BALLINA,2019,4,24051,23949,48000,0,0,0,24051,23949,48000
BALLINA,2019,5,18031,18257,36288,0,0,0,18031,18257,36288
BALLINA,2019,6,17894,17387,35281,0,0,0,17894,17387,35281
BALLINA,2019,7,22932,23029,45961,0,0,0,22932,23029,45961
BALLINA,2019,8,19791,19809,39600,0,0,0,19791,19809,39600
BALLINA,2019,9,22424,21109,43533,0,0,0,22424,21109,43533
BALLINA,2019,10,23850,24551,48401,0,0,0,23850,24551,48401
BALLINA,2019,11,22416,22485,44901,0,0,0,22416,22485,44901
BALLINA,2019,12,27028,24448,51476,0,0,0,27028,24448,51476
BALLINA,2020,1,27390,30186,57576,0,0,0,27390,30186,57576
BALLINA,2020,2,20690,20309,40999,0,0,0,20690,20309,40999
BALLINA,2020,3,13835,14568,28403,0,0,0,13835,14568,28403
BALLINA,2020,4,195,182,377,0,0,0,195,182,377
BALLINA,2020,5,1257,1272,2529,0,0,0,1257,1272,2529
BALLINA,2020,6,4322,3587,7909,0,0,0,4322,3587,7909
BALLINA,2020,7,15858,15370,31228,0,0,0,15858,15370,31228
BALLINA,2020,8,13248,13906,27154,0,0,0,13248,13906,27154
BALLINA,2020,9,18682,17462,36144,0,0,0,18682,17462,36144
BALLINA,2020,10,25422,25769,51191,0,0,0,25422,25769,51191
BALLINA,2020,11,29389,26973,56362,0,0,0,29389,26973,56362
BALLINA,2020,12,35876,31529,67405,0,0,0,35876,31529,67405
BALLINA,2021,1,28046,31562,59608,0,0,0,28046,31562,59608
BALLINA,2021,2,25021,24357,49378,0,0,0,25021,24357,49378
BALLINA,2021,3,28068,28406,56474,0,0,0,28068,28406,56474
BALLINA,2021,4,29364,29741,59105,0,0,0,29364,29741,59105
BALLINA,2021,5,25018,26076,51094,0,0,0,25018,26076,51094
BALLINA,2021,6,22841,20763,43604,0,0,0,22841,20763,43604
BALLINA,2021,7,3537,5022,8559,0,0,0,3537,5022,8559
BALLINA,2021,8,1066,1119,2185,0,0,0,1066,1119,2185
BALLINA,2021,9,1540,1321,2861,0,0,0,1540,1321,2861
BALLINA,2021,10,3896,4070,7966,0,0,0,3896,4070,7966
BALLINA,2021,11,40727,36702,77429,0,0,0,40727,36702,77429
BALLINA,2021,12,55978,50443,106421,0,0,0,55978,50443,106421
BALLINA,2022,1,33426,39287,72713,0,0,0,33426,39287,72713
BALLINA,2022,2,20886,20946,41832,0,0,0,20886,20946,41832
BALLINA,2022,3,21359,22365,43724,0,0,0,21359,22365,43724
BALLINA,2022,4,30264,30175,60439,0,0,0,30264,30175,60439
BALLINA,2022,5,26383,27292,53675,0,0,0,26383,27292,53675
BALLINA,2022,6,25244,24336,49580,0,0,0,25244,24336,49580
BALLINA,2022,7,25628,25714,51342,0,0,0,25628,25714,51342
BALLINA,2022,8,22354,23191,45545,0,0,0,22354,23191,45545
BALLINA,2022,9,25795,24241,50036,0,0,0,25795,24241,50036
BALLINA,2022,10,27176,27849,55025,0,0,0,27176,27849,55025
BALLINA,2022,11,29717,28972,58689,0,0,0,29717,28972,58689
BALLINA,2022,12,28435,28278,56713,0,0,0,28435,28278,56713
BALLINA,2023,1,29525,31981,61506,0,0,0,29525,31981,61506
BALLINA,2023,2,24589,24374,48963,0,0,0,24589,24374,48963
BALLINA,2023,3,29482,29328,58810,0,0,0,29482,29328,58810
BALLINA,2023,4,26230,26146,52376,0,0,0,26230,26146,52376
BALLINA,2023,5,23516,24455,47971,0,0,0,23516,24455,47971
BALLINA,2023,6,23442,22194,45636,0,0,0,23442,22194,45636
BALLINA,2023,7,26226,26480,52706,0,0,0,26226,26480,52706
BALLINA,2023,8,25100,25478,50578,0,0,0,25100,25478,50578
BALLINA,2023,9,28237,26806,55043,0,0,0,28237,26806,55043
BALLINA,2023,10,27510,28163,55673,0,0,0,27510,28163,55673
BALLINA,2023,11,26925,26298,53223,0,0,0,26925,26298,53223
BALLINA,2023,12,28729,27966,56695,0,0,0,28729,27966,56695
BALLINA,2024,1,26601,27920,54521,0,0,0,26601,27920,54521
BALLINA,2024,2,24718,24905,49623,0,0,0,24718,24905,49623
BALLINA,2024,3,26858,25954,52812,0,0,0,26858,25954,52812
BALLINA,2024,4,25631,26794,52425,0,0,0,25631,26794,52425
BALLINA,2024,5,21835,22396,44231,0,0,0,21835,22396,44231
BALLINA,2024,6,21503,21225,42728,0,0,0,21503,21225,42728
BRISBANE,2009,1,626445,632882,1259327,205011,172799,377810,831456,805681,1637137
BRISBANE,2009,2,520093,519172,1039265,156061,144635,300696,676154,663807,1339961
BRISBANE,2009,3,594507,593558,1188065,156115,158487,314602,750622,752045,1502667
BRISBANE,2009,4,608593,604520,1213113,161297,173044,334341,769890,777564,1547454
BRISBANE,2009,5,584999,579257,1164256,148025,155486,303511,733024,734743,1467767
BRISBANE,2009,6,569266,568461,1137727,151730,172408,324138,720996,740869,1461865
BRISBANE,2009,7,645966,634920,1280886,199264,172957,372221,845230,807877,1653107
BRISBANE,2009,8,612792,611221,1224013,169620,183377,352997,782412,794598,1577010
BRISBANE,2009,9,637070,631560,1268630,175337,183274,358611,812407,814834,1627241
BRISBANE,2009,10,663699,667650,1331349,191678,172089,363767,855377,839739,1695116
BRISBANE,2009,11,611573,619324,1230897,161768,173891,335659,773341,793215,1566556
BRISBANE,2009,12,633923,624473,1258396,175947,202871,378818,809870,827344,1637214
BRISBANE,2010,1,584635,595191,1179826,203308,173057,376365,787943,768248,1556191
BRISBANE,2010,2,545876,545378,1091254,160009,147233,307242,705885,692611,1398496
BRISBANE,2010,3,605994,603265,1209259,162490,168234,330724,768484,771499,1539983
BRISBANE,2010,4,621672,626921,1248593,161473,166938,328411,783145,793859,1577004
BRISBANE,2010,5,596680,592018,1188698,149297,158209,307506,745977,750227,1496204
BRISBANE,2010,6,609580,612834,1222414,163393,187027,350420,772973,799861,1572834
BRISBANE,2010,7,695302,675766,1371068,220390,188120,408510,915692,863886,1779578
BRISBANE,2010,8,661735,667083,1328818,179247,194188,373435,840982,861271,1702253
BRISBANE,2010,9,687199,679663,1366862,187251,193066,380317,874450,872729,1747179
BRISBANE,2010,10,705758,711488,1417246,197989,178468,376457,903747,889956,1793703
BRISBANE,2010,11,663810,669962,1333772,167586,178601,346187,831396,848563,1679959
BRISBANE,2010,12,696432,683949,1380381,183545,213138,396683,879977,897087,1777064
BRISBANE,2011,1,583192,600245,1183437,216100,179977,396077,799292,780222,1579514
BRISBANE,2011,2,550493,554263,1104756,160230,146869,307099,710723,701132,1411855
BRISBANE,2011,3,639595,638987,1278582,155406,155471,310877,795001,794458,1589459
BRISBANE,2011,4,659295,659943,1319238,170423,184505,354928,829718,844448,1674166
BRISBANE,2011,5,646930,644697,1291627,165542,168888,334430,812472,813585,1626057
BRISBANE,2011,6,625865,632359,1258224,166624,189150,355774,792489,821509,1613998
BRISBANE,2011,7,728844,703758,1432602,230003,191645,421648,958847,895403,1854250
BRISBANE,2011,8,695252,696200,1391452,186412,198789,385201,881664,894989,1776653
BRISBANE,2011,9,707665,694602,1402267,191295,200297,391592,898960,894899,1793859
BRISBANE,2011,10,711157,722627,1433784,216988,183402,400390,928145,906029,1834174
BRISBANE,2011,11,687385,697645,1385030,177310,187609,364919,864695,885254,1749949
BRISBANE,2011,12,713241,694743,1407984,196012,225920,421932,909253,920663,1829916
BRISBANE,2012,1,652897,672445,1325342,230713,186380,417093,883610,858825,1742435
BRISBANE,2012,2,598252,600302,1198554,171310,151617,322927,769562,751919,1521481
BRISBANE,2012,3,685394,684321,1369715,169085,171101,340186,854479,855422,1709901
BRISBANE,2012,4,672498,672012,1344510,180955,181959,362914,853453,853971,1707424
BRISBANE,2012,5,670557,669601,1340158,157384,162873,320257,827941,832474,1660415
BRISBANE,2012,6,658058,664158,1322216,178946,191999,370945,837004,856157,1693161
BRISBANE,2012,7,733530,726697,1460227,220763,184288,405051,954293,910985,1865278
BRISBANE,2012,8,720138,712978,1433116,183399,190788,374187,903537,903766,1807303
BRISBANE,2012,9,719914,713252,1433166,191827,196811,388638,911741,910063,1821804
BRISBANE,2012,10,755041,759021,1514062,212706,180386,393092,967747,939407,1907154
BRISBANE,2012,11,722127,720893,1443020,175100,184029,359129,897227,904922,1802149
BRISBANE,2012,12,717679,699584,1417263,200049,216945,416994,917728,916529,1834257
BRISBANE,2013,1,654088,674779,1328867,222033,181468,403501,876121,856247,1732368
BRISBANE,2013,2,600209,600660,1200869,176148,156465,332613,776357,757125,1533482
BRISBANE,2013,3,676094,669643,1345737,180132,184082,364214,856226,853725,1709951
BRISBANE,2013,4,682036,674360,1356396,183072,174775,357847,865108,849135,1714243
BRISBANE,2013,5,669358,667312,1336670,166381,173192,339573,835739,840504,1676243
BRISBANE,2013,6,667894,684459,1352353,186576,201564,388140,854470,886023,1740493
BRISBANE,2013,7,762731,745224,1507955,234492,190947,425439,997223,936171,1933394
BRISBANE,2013,8,729675,720843,1450518,202091,209981,412072,931766,930824,1862590
BRISBANE,2013,9,721283,714519,1435802,203232,209090,412322,924515,923609,1848124
BRISBANE,2013,10,768788,774774,1543562,225003,188766,413769,993791,963540,1957331
BRISBANE,2013,11,718088,718447,1436535,184757,192166,376923,902845,910613,1813458
BRISBANE,2013,12,750551,729882,1480433,209001,233727,442728,959552,963609,1923161
BRISBANE,2014,1,683604,688577,1372181,243665,197869,441534,927269,886446,1813715
BRISBANE,2014,2,611754,613347,1225101,184183,168744,352927,795937,782091,1578028
BRISBANE,2014,3,697430,695026,1392456,182017,180736,362753,879447,875762,1755209
BRISBANE,2014,4,717116,713104,1430220,203052,203842,406894,920168,916946,1837114
BRISBANE,2014,5,690348,686761,1377109,181007,186442,367449,871355,873203,1744558
BRISBANE,2014,6,677315,684118,1361433,185947,207236,393183,863262,891354,1754616
BRISBANE,2014,7,767925,756240,1524165,247977,207772,455749,1015902,964012,1979914
BRISBANE,2014,8,724926,719873,1444799,213173,223083,436256,938099,942956,1881055
BRISBANE,2014,9,723998,723032,1447030,216209,214891,431100,940207,937923,1878130
BRISBANE,2014,10,776924,780848,1557772,234133,204479,438612,1011057,985327,1996384
BRISBANE,2014,11,693076,696103,1389179,197992,207211,405203,891068,903314,1794382
BRISBANE,2014,12,739816,721575,1461391,221355,251966,473321,961171,973541,1934712
BRISBANE,2015,1,649819,670411,1320230,259107,217528,476635,908926,887939,1796865
BRISBANE,2015,2,594295,594204,1188499,204702,186053,390755,798997,780257,1579254
BRISBANE,2015,3,697493,691926,1389419,205557,209665,415222,903050,901591,1804641
BRISBANE,2015,4,691971,694729,1386700,205882,212965,418847,897853,907694,1805547
BRISBANE,2015,5,668512,665042,1333554,189075,198431,387506,857587,863473,1721060
BRISBANE,2015,6,665708,666152,1331860,194338,219792,414130,860046,885944,1745990
BRISBANE,2015,7,772477,755862,1528339,246477,216603,463080,1018954,972465,1991419
BRISBANE,2015,8,701345,703706,1405051,217948,232266,450214,919293,935972,1855265
BRISBANE,2015,9,734237,724209,1458446,222465,226764,449229,956702,950973,1907675
BRISBANE,2015,10,752480,761055,1513535,242288,216271,458559,994768,977326,1972094
BRISBANE,2015,11,716798,726921,1443719,202450,210900,413350,919248,937821,1857069
BRISBANE,2015,12,754152,733470,1487622,232652,268343,500995,986804,1001813,1988617
BRISBANE,2016,1,668003,684524,1352527,272608,233848,506456,940611,918372,1858983
BRISBANE,2016,2,627222,628947,1256169,212385,196486,408871,839607,825433,1665040
BRISBANE,2016,3,710475,717302,1427777,207898,219618,427516,918373,936920,1855293
BRISBANE,2016,4,698082,690470,1388552,212414,207393,419807,910496,897863,1808359
BRISBANE,2016,5,684637,680157,1364794,192720,200906,393626,877357,881063,1758420
BRISBANE,2016,6,686183,685336,1371519,201824,228594,430418,888007,913930,1801937
BRISBANE,2016,7,774563,759615,1534178,265175,226192,491367,1039738,985807,2025545
BRISBANE,2016,8,717033,719211,1436244,221238,238799,460037,938271,958010,1896281
BRISBANE,2016,9,751149,738748,1489897,235700,237262,472962,986849,976010,1962859
BRISBANE,2016,10,745465,757564,1503029,251916,231523,483439,997381,989087,1986468
BRISBANE,2016,11,715585,722357,1437942,212287,226400,438687,927872,948757,1876629
BRISBANE,2016,12,760279,732945,1493224,242936,273622,516558,1003215,1006567,2009782
BRISBANE,2017,1,679191,700014,1379205,280306,243488,523794,959497,943502,1902999
BRISBANE,2017,2,603110,607321,1210431,217270,195290,412560,820380,802611,1622991
BRISBANE,2017,3,704824,700905,1405729,215447,224530,439977,920271,925435,1845706
BRISBANE,2017,4,700334,701979,1402313,236642,240158,476800,936976,942137,1879113
BRISBANE,2017,5,693729,679803,1373532,207596,219433,427029,901325,899236,1800561
BRISBANE,2017,6,692620,694779,1387399,216431,240442,456873,909051,935221,1844272
BRISBANE,2017,7,785638,777468,1563106,272272,237677,509949,1057910,1015145,2073055
BRISBANE,2017,8,732144,735371,1467515,233723,250234,483957,965867,985605,1951472
BRISBANE,2017,9,757027,737443,1494470,245888,248264,494152,1002915,985707,1988622
BRISBANE,2017,10,764991,789151,1554142,260136,234779,494915,1025127,1023930,2049057
BRISBANE,2017,11,738661,741905,1480566,222363,235437,457800,961024,977342,1938366
BRISBANE,2017,12,763468,738050,1501518,257004,294531,551535,1020472,1032581,2053053
BRISBANE,2018,1,681869,696460,1378329,296079,248966,545045,977948,945426,1923374
BRISBANE,2018,2,627502,632036,1259538,231627,211703,443330,859129,843739,1702868
BRISBANE,2018,3,732614,724871,1457485,241454,245843,487297,974068,970714,1944782
BRISBANE,2018,4,702211,701528,1403739,243330,247399,490729,945541,948927,1894468
BRISBANE,2018,5,705597,704367,1409964,222438,234141,456579,928035,938508,1866543
BRISBANE,2018,6,684834,679775,1364609,230782,257206,487988,915616,936981,1852597
BRISBANE,2018,7,803426,793303,1596729,297336,255284,552620,1100762,1048587,2149349
BRISBANE,2018,8,756649,754898,1511547,256833,277712,534545,1013482,1032610,2046092
BRISBANE,2018,9,732027,722595,1454622,257304,271474,528778,989331,994069,1983400
BRISBANE,2018,10,775645,787653,1563298,284433,248094,532527,1060078,1035747,2095825
BRISBANE,2018,11,745591,744689,1490280,231942,246721,478663,977533,991410,1968943
BRISBANE,2018,12,744079,720310,1464389,265519,308614,574133,1009598,1028924,2038522
BRISBANE,2019,1,680091,694414,1374505,317314,268620,585934,997405,963034,1960439
BRISBANE,2019,2,616250,622404,1238654,242960,216993,459953,859210,839397,1698607
BRISBANE,2019,3,716941,707741,1424682,236208,242477,478685,953149,950218,1903367
BRISBANE,2019,4,729676,729399,1459075,253286,268696,521982,982962,998095,1981057
BRISBANE,2019,5,713574,705242,1418816,239373,246644,486017,952947,951886,1904833
BRISBANE,2019,6,688110,690716,1378826,242225,271760,513985,930335,962476,1892811
BRISBANE,2019,7,807079,791137,1598216,313718,267968,581686,1120797,1059105,2179902
BRISBANE,2019,8,767014,761185,1528199,272091,295442,567533,1039105,1056627,2095732
BRISBANE,2019,9,760862,757044,1517906,262254,278326,540580,1023116,1035370,2058486
BRISBANE,2019,10,807162,817472,1624634,295301,259813,555114,1102463,1077285,2179748
BRISBANE,2019,11,746493,752828,1499321,255212,266720,521932,1001705,1019548,2021253
BRISBANE,2019,12,773116,744192,1517308,284412,327751,612163,1057528,1071943,2129471
BRISBANE,2020,1,707885,734476,1442361,333471,283668,617139,1041356,1018144,2059500
BRISBANE,2020,2,606981,612685,1219666,223875,197282,421157,830856,809967,1640823
BRISBANE,2020,3,445000,440149,885149,138690,125177,263867,583690,565326,1149016
BRISBANE,2020,4,26799,28101,54900,2379,6582,8961,29178,34683,63861
BRISBANE,2020,5,32659,32637,65296,1809,2679,4488,34468,35316,69784
BRISBANE,2020,6,71393,76000,147393,4496,5537,10033,75889,81537,157426
BRISBANE,2020,7,180038,171365,351403,3985,7081,11066,184023,178446,362469
BRISBANE,2020,8,140987,146225,287212,2853,8057,10910,143840,154282,298122
BRISBANE,2020,9,154735,156829,311564,2123,5762,7885,156858,162591,319449
BRISBANE,2020,10,193051,184825,377876,5315,7184,12499,198366,192009,390375
BRISBANE,2020,11,217430,224522,441952,4601,4844,9445,222031,229366,451397
BRISBANE,2020,12,414477,387548,802025,5302,5539,10841,419779,393087,812866
BRISBANE,2021,1,267902,283907,551809,4659,5284,9943,272561,289191,561752
BRISBANE,2021,2,298130,300469,598599,4586,4144,8730,302716,304613,607329
BRISBANE,2021,3,427648,425920,853568,6444,3936,10380,434092,429856,863948
BRISBANE,2021,4,429654,437156,866810,9980,11642,21622,439634,448798,888432
BRISBANE,2021,5,511000,503556,1014556,25723,22710,48433,536723,526266,1062989
BRISBANE,2021,6,430307,432858,863165,28021,24882,52903,458328,457740,916068
BRISBANE,2021,7,249494,245299,494793,19956,21025,40981,269450,266324,535774
BRISBANE,2021,8,121497,122053,243550,5549,4909,10458,127046,126962,254008
BRISBANE,2021,9,218867,223494,442361,3420,4240,7660,222287,227734,450021
BRISBANE,2021,10,234056,228529,462585,3399,4891,8290,237455,233420,470875
BRISBANE,2021,11,250852,253869,504721,2578,7419,9997,253430,261288,514718
BRISBANE,2021,12,395624,366513,762137,4454,14148,18602,400078,380661,780739
BRISBANE,2022,1,344849,354577,699426,13581,11602,25183,358430,366179,724609
BRISBANE,2022,2,353768,356813,710581,29642,16900,46542,383410,373713,757123
BRISBANE,2022,3,512295,519705,1032000,44992,40392,85384,557287,560097,1117384
BRISBANE,2022,4,656158,657024,1313182,75699,78551,154250,731857,735575,1467432
BRISBANE,2022,5,634184,628422,1262606,84015,90484,174499,718199,718906,1437105
BRISBANE,2022,6,654731,657804,1312535,96894,110899,207793,751625,768703,1520328
BRISBANE,2022,7,698031,688182,1386213,141980,131641,273621,840011,819823,1659834
BRISBANE,2022,8,644200,639823,1284023,139711,135646,275357,783911,775469,1559380
BRISBANE,2022,9,677647,667478,1345125,147935,143906,291841,825582,811384,1636966
BRISBANE,2022,10,694615,697835,1392450,164173,145909,310082,858788,843744,1702532
BRISBANE,2022,11,662151,674355,1336506,160209,164470,324679,822360,838825,1661185
BRISBANE,2022,12,655328,644468,1299796,168050,192056,360106,823378,836524,1659902
BRISBANE,2023,1,615812,622489,1238301,202387,175332,377719,818199,797821,1616020
BRISBANE,2023,2,572715,567534,1140249,165788,148389,314177,738503,715923,1454426
BRISBANE,2023,3,687168,693293,1380461,173754,173503,347257,860922,866796,1727718
BRISBANE,2023,4,666202,655732,1321934,177699,184288,361987,843901,840020,1683921
BRISBANE,2023,5,670900,666949,1337849,173763,180078,353841,844663,847027,1691690
BRISBANE,2023,6,673019,668794,1341813,190044,207687,397731,863063,876481,1739544
BRISBANE,2023,7,730163,708229,1438392,225371,206945,432316,955534,915174,1870708
BRISBANE,2023,8,708809,706897,1415706,207038,215279,422317,915847,922176,1838023
BRISBANE,2023,9,727365,722667,1450032,217038,216383,433421,944403,939050,1883453
BRISBANE,2023,10,730214,737807,1468021,225733,208142,433875,955947,945949,1901896
BRISBANE,2023,11,711614,719765,1431379,213208,227229,440437,924822,946994,1871816
BRISBANE,2023,12,696715,682245,1378960,249928,280462,530390,946643,962707,1909350
BRISBANE,2024,1,626280,631193,1257473,284827,238356,523183,911107,869549,1780656
BRISBANE,2024,2,633353,637597,1270950,241020,221717,462737,874373,859314,1733687
BRISBANE,2024,3,691994,687596,1379590,240810,249842,490652,932804,937438,1870242
BRISBANE,2024,4,677898,672768,1350666,233829,234502,468331,911727,907270,1818997
BRISBANE,2024,5,705787,700883,1406670,221626,231012,452638,927413,931895,1859308
BRISBANE,2024,6,698055,711252,1409307,234680,252010,486690,932735,963262,1895997
CAIRNS,2009,1,130359,138023,268382,18537,16984,35521,148896,155007,303903
CAIRNS,2009,2,102988,106588,209576,15352,14234,29586,118340,120822,239162
CAIRNS,2009,3,118938,118160,237098,18198,17539,35737,137136,135699,272835
CAIRNS,2009,4,128098,127789,255887,16231,15879,32110,144329,143668,287997
CAIRNS,2009,5,120353,121254,241607,14333,15001,29334,134686,136255,270941
CAIRNS,2009,6,126032,121247,247279,14746,14498,29244,140778,135745,276523
CAIRNS,2009,7,155297,153463,308760,17755,16377,34132,173052,169840,342892
CAIRNS,2009,8,142390,147829,290219,18813,19954,38767,161203,167783,328986
CAIRNS,2009,9,141266,135231,276497,18699,18824,37523,159965,154055,314020
CAIRNS,2009,10,144382,145780,290162,18559,17194,35753,162941,162974,325915
CAIRNS,2009,11,130274,131348,261622,16111,16589,32700,146385,147937,294322
CAIRNS,2009,12,124533,121771,246304,18047,16349,34396,142580,138120,280700
CAIRNS,2010,1,115618,122164,237782,16968,16811,33779,132586,138975,271561
CAIRNS,2010,2,109475,113285,222760,18708,15744,34452,128183,129029,257212
CAIRNS,2010,3,117633,114623,232256,18641,18119,36760,136274,132742,269016
CAIRNS,2010,4,123075,126177,249252,19035,19013,38048,142110,145190,287300
CAIRNS,2010,5,120298,118481,238779,16586,18067,34653,136884,136548,273432
CAIRNS,2010,6,138996,129471,268467,17905,18512,36417,156901,147983,304884
CAIRNS,2010,7,159579,160532,320111,24341,20546,44887,183920,181078,364998
CAIRNS,2010,8,149446,153659,303105,24728,27474,52202,174174,181133,355307
CAIRNS,2010,9,155627,146363,301990,24691,24656,49347,180318,171019,351337
CAIRNS,2010,10,155810,161684,317494,23636,21613,45249,179446,183297,362743
CAIRNS,2010,11,137290,140552,277842,22274,22039,44313,159564,162591,322155
CAIRNS,2010,12,145414,138845,284259,22953,22813,45766,168367,161658,330025
CAIRNS,2011,1,129363,135005,264368,22107,22050,44157,151470,157055,308525
CAIRNS,2011,2,107247,110367,217614,18556,16331,34887,125803,126698,252501
CAIRNS,2011,3,120947,121066,242013,19990,19163,39153,140937,140229,281166
CAIRNS,2011,4,138443,134419,272862,18519,18859,37378,156962,153278,310240
CAIRNS,2011,5,130729,130933,261662,17356,18504,35860,148085,149437,297522
CAIRNS,2011,6,146939,138109,285048,19085,18693,37778,166024,156802,322826
CAIRNS,2011,7,168361,169448,337809,26916,22192,49108,195277,191640,386917
CAIRNS,2011,8,155585,161361,316946,25287,27519,52806,180872,188880,369752
CAIRNS,2011,9,152813,144176,296989,23082,24708,47790,175895,168884,344779
CAIRNS,2011,10,152406,159147,311553,23564,21727,45291,175970,180874,356844
CAIRNS,2011,11,136771,140387,277158,19625,19528,39153,156396,159915,316311
CAIRNS,2011,12,141033,136042,277075,20453,20258,40711,161486,156300,317786
CAIRNS,2012,1,137858,145152,283010,20310,19523,39833,158168,164675,322843
CAIRNS,2012,2,109778,114481,224259,19335,17247,36582,129113,131728,260841
CAIRNS,2012,3,129302,127120,256422,20417,20853,41270,149719,147973,297692
CAIRNS,2012,4,143393,143788,287181,19108,19012,38120,162501,162800,325301
CAIRNS,2012,5,137338,134226,271564,17032,18281,35313,154370,152507,306877
CAIRNS,2012,6,154180,144376,298556,18641,19582,38223,172821,163958,336779
CAIRNS,2012,7,174535,179859,354394,24553,20007,44560,199088,199866,398954
CAIRNS,2012,8,161718,168050,329768,25790,27104,52894,187508,195154,382662
CAIRNS,2012,9,162460,154247,316707,22772,24224,46996,185232,178471,363703
CAIRNS,2012,10,166184,177593,343777,23142,20398,43540,189326,197991,387317
CAIRNS,2012,11,151728,157888,309616,23103,23068,46171,174831,180956,355787
CAIRNS,2012,12,150197,143744,293941,23186,24671,47857,173383,168415,341798
CAIRNS,2013,1,139922,152258,292180,23084,21479,44563,163006,173737,336743
CAIRNS,2013,2,123938,128914,252852,21829,20189,42018,145767,149103,294870
CAIRNS,2013,3,133590,128582,262172,21533,21190,42723,155123,149772,304895
CAIRNS,2013,4,144224,151242,295466,18953,18806,37759,163177,170048,333225
CAIRNS,2013,5,136268,134823,271091,15953,17390,33343,152221,152213,304434
CAIRNS,2013,6,165711,152438,318149,16920,18395,35315,182631,170833,353464
CAIRNS,2013,7,184689,193806,378495,24150,19409,43559,208839,213215,422054
CAIRNS,2013,8,175719,181971,357690,24696,27564,52260,200415,209535,409950
CAIRNS,2013,9,174335,166530,340865,20101,21374,41475,194436,187904,382340
CAIRNS,2013,10,171668,182915,354583,22144,18929,41073,193812,201844,395656
CAIRNS,2013,11,150984,155655,306639,17798,18220,36018,168782,173875,342657
CAIRNS,2013,12,165079,159070,324149,20333,21652,41985,185412,180722,366134
CAIRNS,2014,1,160822,172757,333579,23911,20221,44132,184733,192978,377711
CAIRNS,2014,2,126598,135121,261719,20129,19117,39246,146727,154238,300965
CAIRNS,2014,3,135222,137603,272825,19065,18792,37857,154287,156395,310682
CAIRNS,2014,4,156096,155713,311809,14670,16394,31064,170766,172107,342873
CAIRNS,2014,5,140494,140629,281123,13715,15252,28967,154209,155881,310090
CAIRNS,2014,6,157186,146090,303276,15273,16675,31948,172459,162765,335224
CAIRNS,2014,7,190882,193790,384672,23638,18074,41712,214520,211864,426384
CAIRNS,2014,8,176583,183251,359834,23182,26286,49468,199765,209537,409302
CAIRNS,2014,9,176654,165752,342406,19242,22088,41330,195896,187840,383736
CAIRNS,2014,10,175380,184351,359731,21715,18589,40304,197095,202940,400035
CAIRNS,2014,11,154640,159052,313692,16906,17259,34165,171546,176311,347857
CAIRNS,2014,12,171023,161710,332733,19374,21343,40717,190397,183053,373450
CAIRNS,2015,1,152476,165203,317679,22204,20752,42956,174680,185955,360635
CAIRNS,2015,2,140012,144177,284189,24375,20661,45036,164387,164838,329225
CAIRNS,2015,3,142490,140180,282670,19341,21334,40675,161831,161514,323345
CAIRNS,2015,4,155106,159990,315096,18491,19824,38315,173597,179814,353411
CAIRNS,2015,5,145872,144667,290539,17628,19137,36765,163500,163804,327304
CAIRNS,2015,6,166490,152862,319352,17394,19542,36936,183884,172404,356288
CAIRNS,2015,7,192616,197402,390018,28199,23289,51488,220815,220691,441506
CAIRNS,2015,8,181781,189008,370789,27312,30336,57648,209093,219344,428437
CAIRNS,2015,9,180672,171210,351882,23846,26196,50042,204518,197406,401924
CAIRNS,2015,10,178571,187352,365923,25590,23096,48686,204161,210448,414609
CAIRNS,2015,11,165109,167707,332816,21836,23067,44903,186945,190774,377719
CAIRNS,2015,12,182390,171966,354356,24899,27384,52283,207289,199350,406639
CAIRNS,2016,1,166392,180143,346535,28354,25600,53954,194746,205743,400489
CAIRNS,2016,2,147359,150684,298043,29128,28700,57828,176487,179384,355871
CAIRNS,2016,3,161725,158261,319986,26429,29816,56245,188154,188077,376231
CAIRNS,2016,4,158962,163293,322255,25976,25867,51843,184938,189160,374098
CAIRNS,2016,5,153667,154045,307712,18986,22772,41758,172653,176817,349470
CAIRNS,2016,6,177835,162796,340631,20267,23078,43345,198102,185874,383976
CAIRNS,2016,7,205259,208746,414005,28946,24878,53824,234205,233624,467829
CAIRNS,2016,8,189152,195768,384920,28342,33282,61624,217494,229050,446544
CAIRNS,2016,9,191670,182330,374000,27185,29632,56817,218855,211962,430817
CAIRNS,2016,10,190492,197416,387908,27703,26910,54613,218195,224326,442521
CAIRNS,2016,11,171693,174915,346608,23821,26864,50685,195514,201779,397293
CAIRNS,2016,12,188179,177439,365618,28437,31320,59757,216616,208759,425375
CAIRNS,2017,1,179645,190243,369888,31070,29762,60832,210715,220005,430720
CAIRNS,2017,2,136709,142652,279361,24322,24762,49084,161031,167414,328445
CAIRNS,2017,3,159059,158396,317455,27174,30646,57820,186233,189042,375275
CAIRNS,2017,4,181848,180316,362164,24815,27684,52499,206663,208000,414663
CAIRNS,2017,5,155382,157929,313311,19798,24128,43926,175180,182057,357237
CAIRNS,2017,6,173798,161089,334887,22086,24497,46583,195884,185586,381470
CAIRNS,2017,7,208892,213575,422467,31200,26249,57449,240092,239824,479916
CAIRNS,2017,8,190495,196881,387376,30565,36935,67500,221060,233816,454876
CAIRNS,2017,9,192190,182477,374667,27687,28833,56520,219877,211310,431187
CAIRNS,2017,10,193857,204903,398760,27636,27173,54809,221493,232076,453569
CAIRNS,2017,11,174737,176302,351039,24211,27170,51381,198948,203472,402420
CAIRNS,2017,12,187915,179021,366936,29556,34214,63770,217471,213235,430706
CAIRNS,2018,1,174815,189015,363830,33610,29869,63479,208425,218884,427309
CAIRNS,2018,2,148120,153832,301952,29756,28672,58428,177876,182504,360380
CAIRNS,2018,3,166498,160548,327046,28706,30677,59383,195204,191225,386429
CAIRNS,2018,4,169060,177203,346263,24471,25518,49989,193531,202721,396252
CAIRNS,2018,5,160164,161252,321416,20491,23509,44000,180655,184761,365416
CAIRNS,2018,6,172358,162744,335102,22089,23370,45459,194447,186114,380561
CAIRNS,2018,7,210462,214490,424952,32402,27031,59433,242864,241521,484385
CAIRNS,2018,8,196958,203255,400213,33261,36904,70165,230219,240159,470378
CAIRNS,2018,9,186993,181215,368208,26298,27264,53562,213291,208479,421770
CAIRNS,2018,10,191602,202568,394170,28446,26124,54570,220048,228692,448740
CAIRNS,2018,11,169838,173124,342962,22546,22310,44856,192384,195434,387818
CAIRNS,2018,12,182221,174912,357133,28415,30812,59227,210636,205724,416360
CAIRNS,2019,1,165466,182593,348059,35119,28466,63585,200585,211059,411644
CAIRNS,2019,2,137677,144222,281899,30795,25815,56610,168472,170037,338509
CAIRNS,2019,3,148353,148820,297173,27643,27018,54661,175996,175838,351834
CAIRNS,2019,4,174165,174537,348702,26308,26781,53089,200473,201318,401791
CAIRNS,2019,5,155803,156734,312537,21257,24427,45684,177060,181161,358221
CAIRNS,2019,6,165242,156860,322102,22586,22671,45257,187828,179531,367359
CAIRNS,2019,7,202599,207474,410073,32703,26768,59471,235302,234242,469544
CAIRNS,2019,8,186770,193366,380136,31853,35300,67153,218623,228666,447289
CAIRNS,2019,9,179272,175399,354671,27488,27903,55391,206760,203302,410062
CAIRNS,2019,10,186674,198083,384757,29088,24945,54033,215762,223028,438790
CAIRNS,2019,11,166611,170095,336706,21997,22149,44146,188608,192244,380852
CAIRNS,2019,12,178108,171434,349542,25408,27336,52744,203516,198770,402286
CAIRNS,2020,1,167386,180829,348215,28638,24465,53103,196024,205294,401318
CAIRNS,2020,2,112318,121118,233436,24070,19120,43190,136388,140238,276626
CAIRNS,2020,3,87371,93860,181231,10976,10079,21055,98347,103939,202286
CAIRNS,2020,4,3459,3967,7426,30,24,54,3489,3991,7480
CAIRNS,2020,5,4457,4324,8781,37,55,92,4494,4379,8873
CAIRNS,2020,6,13751,12639,26390,102,144,246,13853,12783,26636
CAIRNS,2020,7,54621,49769,104390,53,72,125,54674,49841,104515
CAIRNS,2020,8,47105,50717,97822,79,58,137,47184,50775,97959
CAIRNS,2020,9,63478,61080,124558,94,68,162,63572,61148,124720
CAIRNS,2020,10,64549,68830,133379,130,108,238,64679,68938,133617
CAIRNS,2020,11,61386,63214,124600,367,96,463,61753,63310,125063
CAIRNS,2020,12,104291,92785,197076,250,106,356,104541,92891,197432
CAIRNS,2021,1,81168,94999,176167,267,127,394,81435,95126,176561
CAIRNS,2021,2,61052,61666,122718,184,104,288,61236,61770,123006
CAIRNS,2021,3,96171,89306,185477,171,47,218,96342,89353,185695
CAIRNS,2021,4,139312,137320,276632,0,0,0,139312,137320,276632
CAIRNS,2021,5,138197,136872,275069,0,0,0,138197,136872,275069
CAIRNS,2021,6,136235,124787,261022,283,275,558,136518,125062,261580
CAIRNS,2021,7,105136,122044,227180,434,550,984,105570,122594,228164
CAIRNS,2021,8,42963,46215,89178,0,0,0,42963,46215,89178
CAIRNS,2021,9,82306,78141,160447,0,0,0,82306,78141,160447
CAIRNS,2021,10,80925,85901,166826,0,3,3,80925,85904,166829
CAIRNS,2021,11,76280,79303,155583,0,19,19,76280,79322,155602
CAIRNS,2021,12,117397,98493,215890,0,26,26,117397,98519,215916
CAIRNS,2022,1,101593,119639,221232,0,68,68,101593,119707,221300
CAIRNS,2022,2,74950,73920,148870,0,111,111,74950,74031,148981
CAIRNS,2022,3,112705,109426,222131,107,250,357,112812,109676,222488
CAIRNS,2022,4,176984,170675,347659,1597,1374,2971,178581,172049,350630
CAIRNS,2022,5,152773,152054,304827,2277,3020,5297,155050,155074,310124
CAIRNS,2022,6,181033,165059,346092,4037,5344,9381,185070,170403,355473
CAIRNS,2022,7,188524,196632,385156,10314,8022,18336,198838,204654,403492
CAIRNS,2022,8,173475,178869,352344,11323,10614,21937,184798,189483,374281
CAIRNS,2022,9,184671,178202,362873,7586,7664,15250,192257,185866,378123
CAIRNS,2022,10,179425,188390,367815,10261,8440,18701,189686,196830,386516
CAIRNS,2022,11,149558,155164,304722,7692,9456,17148,157250,164620,321870
CAIRNS,2022,12,159727,149179,308906,11267,14438,25705,170994,163617,334611
CAIRNS,2023,1,143420,155313,298733,15885,13920,29805,159305,169233,328538
CAIRNS,2023,2,111683,116266,227949,15903,11957,27860,127586,128223,255809
CAIRNS,2023,3,142578,139756,282334,15864,17120,32984,158442,156876,315318
CAIRNS,2023,4,163902,166802,330704,18602,16245,34847,182504,183047,365551
CAIRNS,2023,5,158107,158050,316157,16952,18037,34989,175059,176087,351146
CAIRNS,2023,6,177738,166490,344228,18226,18794,37020,195964,185284,381248
CAIRNS,2023,7,195021,204360,399381,28855,20136,48991,223876,224496,448372
CAIRNS,2023,8,188334,193286,381620,27315,27939,55254,215649,221225,436874
CAIRNS,2023,9,191936,186040,377976,25026,28228,53254,216962,214268,431230
CAIRNS,2023,10,184789,195082,379871,27532,24665,52197,212321,219747,432068
CAIRNS,2023,11,162243,165589,327832,24233,25047,49280,186476,190636,377112
CAIRNS,2023,12,145746,139468,285214,23460,26852,50312,169206,166320,335526
CAIRNS,2024,1,150684,160317,311001,29351,26377,55728,180035,186694,366729
CAIRNS,2024,2,133183,137650,270833,25916,22413,48329,159099,160063,319162
CAIRNS,2024,3,153296,147367,300663,24446,26343,50789,177742,173710,351452
CAIRNS,2024,4,165086,171624,336710,23397,22580,45977,188483,194204,382687
CAIRNS,2024,5,160997,159965,320962,20443,23586,44029,181440,183551,364991
CAIRNS,2024,6,176673,167064,343737,22290,22402,44692,198963,189466,388429
CANBERRA,2009,1,108207,101081,209288,0,0,0,108207,101081,209288
CANBERRA,2009,2,116663,113554,230217,0,0,0,116663,113554,230217
CANBERRA,2009,3,140251,140587,280838,0,0,0,140251,140587,280838
CANBERRA,2009,4,131170,133295,264465,0,0,0,131170,133295,264465
CANBERRA,2009,5,133275,133030,266305,0,0,0,133275,133030,266305
CANBERRA,2009,6,129877,128886,258763,0,0,0,129877,128886,258763
CANBERRA,2009,7,135477,134669,270146,0,0,0,135477,134669,270146
CANBERRA,2009,8,140898,139037,279935,0,0,0,140898,139037,279935
CANBERRA,2009,9,138413,140091,278504,0,0,0,138413,140091,278504
CANBERRA,2009,10,139171,136886,276057,0,0,0,139171,136886,276057
CANBERRA,2009,11,140350,136400,276750,0,0,0,140350,136400,276750
CANBERRA,2009,12,124879,132273,257152,0,0,0,124879,132273,257152
CANBERRA,2010,1,115316,108511,223827,0,0,0,115316,108511,223827
CANBERRA,2010,2,127933,125520,253453,0,0,0,127933,125520,253453
CANBERRA,2010,3,159259,158643,317902,0,0,0,159259,158643,317902
CANBERRA,2010,4,137603,139037,276640,0,0,0,137603,139037,276640
CANBERRA,2010,5,135630,135664,271294,0,0,0,135630,135664,271294
CANBERRA,2010,6,138443,138293,276736,0,0,0,138443,138293,276736
CANBERRA,2010,7,140048,140533,280581,0,0,0,140048,140533,280581
CANBERRA,2010,8,138899,135985,274884,0,0,0,138899,135985,274884
CANBERRA,2010,9,137827,142801,280628,0,0,0,137827,142801,280628
CANBERRA,2010,10,150238,143708,293946,0,0,0,150238,143708,293946
CANBERRA,2010,11,146185,144206,290391,0,0,0,146185,144206,290391
CANBERRA,2010,12,127064,136664,263728,0,0,0,127064,136664,263728
CANBERRA,2011,1,112590,103009,215599,0,0,0,112590,103009,215599
CANBERRA,2011,2,123300,118760,242060,0,0,0,123300,118760,242060
CANBERRA,2011,3,147553,148135,295688,0,0,0,147553,148135,295688
CANBERRA,2011,4,133303,136882,270185,0,0,0,133303,136882,270185
CANBERRA,2011,5,139177,136996,276173,0,0,0,139177,136996,276173
CANBERRA,2011,6,127137,129848,256985,0,0,0,127137,129848,256985
CANBERRA,2011,7,141140,139594,280734,0,0,0,141140,139594,280734
CANBERRA,2011,8,143160,139888,283048,0,0,0,143160,139888,283048
CANBERRA,2011,9,141455,142946,284401,0,0,0,141455,142946,284401
CANBERRA,2011,10,138124,134276,272400,0,0,0,138124,134276,272400
CANBERRA,2011,11,140335,138342,278677,0,0,0,140335,138342,278677
CANBERRA,2011,12,121309,130966,252275,0,0,0,121309,130966,252275
CANBERRA,2012,1,109033,99199,208232,0,0,0,109033,99199,208232
CANBERRA,2012,2,121419,116842,238261,0,0,0,121419,116842,238261
CANBERRA,2012,3,141394,144121,285515,0,0,0,141394,144121,285515
CANBERRA,2012,4,126610,127383,253993,0,0,0,126610,127383,253993
CANBERRA,2012,5,133853,135314,269167,0,0,0,133853,135314,269167
CANBERRA,2012,6,125070,126912,251982,0,0,0,125070,126912,251982
CANBERRA,2012,7,131577,128069,259646,0,0,0,131577,128069,259646
CANBERRA,2012,8,131733,133657,265390,0,0,0,131733,133657,265390
CANBERRA,2012,9,128890,130406,259296,0,0,0,128890,130406,259296
CANBERRA,2012,10,138679,130767,269446,0,0,0,138679,130767,269446
CANBERRA,2012,11,135284,135565,270849,0,0,0,135284,135565,270849
CANBERRA,2012,12,113399,120717,234116,0,0,0,113399,120717,234116
CANBERRA,2013,1,103477,94142,197619,0,0,0,103477,94142,197619
CANBERRA,2013,2,113732,110963,224695,0,0,0,113732,110963,224695
CANBERRA,2013,3,134918,136345,271263,0,0,0,134918,136345,271263
CANBERRA,2013,4,124558,124378,248936,0,0,0,124558,124378,248936
CANBERRA,2013,5,129017,131160,260177,0,0,0,129017,131160,260177
CANBERRA,2013,6,126482,126045,252527,0,0,0,126482,126045,252527
CANBERRA,2013,7,128750,126930,255680,0,0,0,128750,126930,255680
CANBERRA,2013,8,126778,127395,254173,0,0,0,126778,127395,254173
CANBERRA,2013,9,120563,122006,242569,0,0,0,120563,122006,242569
CANBERRA,2013,10,134709,128025,262734,0,0,0,134709,128025,262734
CANBERRA,2013,11,127922,128151,256073,0,0,0,127922,128151,256073
CANBERRA,2013,12,112159,117843,230002,0,0,0,112159,117843,230002
CANBERRA,2014,1,97433,90215,187648,0,0,0,97433,90215,187648
CANBERRA,2014,2,106417,102807,209224,0,0,0,106417,102807,209224
CANBERRA,2014,3,124681,125533,250214,0,0,0,124681,125533,250214
CANBERRA,2014,4,114029,115205,229234,0,0,0,114029,115205,229234
CANBERRA,2014,5,120764,123275,244039,0,0,0,120764,123275,244039
CANBERRA,2014,6,118607,117421,236028,0,0,0,118607,117421,236028
CANBERRA,2014,7,122917,121468,244385,0,0,0,122917,121468,244385
CANBERRA,2014,8,120988,120574,241562,0,0,0,120988,120574,241562
CANBERRA,2014,9,121363,121743,243106,0,0,0,121363,121743,243106
CANBERRA,2014,10,131857,128821,260678,0,0,0,131857,128821,260678
CANBERRA,2014,11,122435,120113,242548,0,0,0,122435,120113,242548
CANBERRA,2014,12,108108,115048,223156,0,0,0,108108,115048,223156
CANBERRA,2015,1,94689,86462,181151,0,0,0,94689,86462,181151
CANBERRA,2015,2,104237,100964,205201,0,0,0,104237,100964,205201
CANBERRA,2015,3,126132,125655,251787,0,0,0,126132,125655,251787
CANBERRA,2015,4,114563,117067,231630,0,0,0,114563,117067,231630
CANBERRA,2015,5,120603,121584,242187,0,0,0,120603,121584,242187
CANBERRA,2015,6,118741,118659,237400,0,0,0,118741,118659,237400
CANBERRA,2015,7,123396,123872,247268,0,0,0,123396,123872,247268
CANBERRA,2015,8,121935,119718,241653,0,0,0,121935,119718,241653
CANBERRA,2015,9,121215,122296,243511,0,0,0,121215,122296,243511
CANBERRA,2015,10,126705,122960,249665,0,0,0,126705,122960,249665
CANBERRA,2015,11,127260,123247,250507,0,0,0,127260,123247,250507
CANBERRA,2015,12,107340,116006,223346,0,0,0,107340,116006,223346
CANBERRA,2016,1,95222,85827,181049,0,0,0,95222,85827,181049
CANBERRA,2016,2,113441,110029,223470,0,0,0,113441,110029,223470
CANBERRA,2016,3,125542,126699,252241,0,0,0,125542,126699,252241
CANBERRA,2016,4,118371,122047,240418,0,0,0,118371,122047,240418
CANBERRA,2016,5,121205,120895,242100,0,0,0,121205,120895,242100
CANBERRA,2016,6,116467,119291,235758,0,0,0,116467,119291,235758
CANBERRA,2016,7,124246,122447,246693,0,0,0,124246,122447,246693
CANBERRA,2016,8,126885,123817,250702,0,0,0,126885,123817,250702
CANBERRA,2016,9,123755,129234,252989,1421,1784,3205,125176,131018,256194
CANBERRA,2016,10,131890,124676,256566,3821,3174,6995,135711,127850,263561
CANBERRA,2016,11,134343,131391,265734,3393,3274,6667,137736,134665,272401
CANBERRA,2016,12,113363,124710,238073,2743,4161,6904,116106,128871,244977
CANBERRA,2017,1,101509,90217,191726,4665,3403,8068,106174,93620,199794
CANBERRA,2017,2,114565,110886,225451,3255,2652,5907,117820,113538,231358
CANBERRA,2017,3,135406,138246,273652,3369,3140,6509,138775,141386,280161
CANBERRA,2017,4,118282,119097,237379,3961,3427,7388,122243,122524,244767
CANBERRA,2017,5,128920,129619,258539,2794,2737,5531,131714,132356,264070
CANBERRA,2017,6,123485,128500,251985,3031,3727,6758,126516,132227,258743
CANBERRA,2017,7,131376,127611,258987,3918,2969,6887,135294,130580,265874
CANBERRA,2017,8,131056,131328,262384,3477,3076,6553,134533,134404,268937
CANBERRA,2017,9,131749,135681,267430,3582,3692,7274,135331,139373,274704
CANBERRA,2017,10,139380,132630,272010,4306,3250,7556,143686,135880,279566
CANBERRA,2017,11,138446,137892,276338,3759,3404,7163,142205,141296,283501
CANBERRA,2017,12,117225,128234,245459,3747,5094,8841,120972,133328,254300
CANBERRA,2018,1,104856,94239,199095,5278,3714,8992,110134,97953,208087
CANBERRA,2018,2,119614,114799,234413,3841,3174,7015,123455,117973,241428
CANBERRA,2018,3,138912,143798,282710,3975,3737,7712,142887,147535,290422
CANBERRA,2018,4,128524,128730,257254,4859,4717,9576,133383,133447,266830
CANBERRA,2018,5,135746,136978,272724,2930,4225,7155,138676,141203,279879
CANBERRA,2018,6,127237,129749,256986,3422,4773,8195,130659,134522,265181
CANBERRA,2018,7,141914,138351,280265,4197,4585,8782,146111,142936,289047
CANBERRA,2018,8,140734,141717,282451,3593,4245,7838,144327,145962,290289
CANBERRA,2018,9,134735,135431,270166,3749,4719,8468,138484,140150,278634
CANBERRA,2018,10,149456,142604,292060,3923,3360,7283,153379,145964,299343
CANBERRA,2018,11,142780,143912,286692,3035,3992,7027,145815,147904,293719
CANBERRA,2018,12,115000,123327,238327,2230,4649,6879,117230,127976,245206
CANBERRA,2019,1,106793,94755,201548,3290,3445,6735,110083,98200,208283
CANBERRA,2019,2,120670,118342,239012,2839,2678,5517,123509,121020,244529
CANBERRA,2019,3,135197,135475,270672,2592,3492,6084,137789,138967,276756
CANBERRA,2019,4,127461,127899,255360,2811,4239,7050,130272,132138,262410
CANBERRA,2019,5,130101,132847,262948,2984,4365,7349,133085,137212,270297
CANBERRA,2019,6,125376,126024,251400,3333,4545,7878,128709,130569,259278
CANBERRA,2019,7,140844,137122,277966,4168,4227,8395,145012,141349,286361
CANBERRA,2019,8,138130,139859,277989,3174,4067,7241,141304,143926,285230
CANBERRA,2019,9,140824,139184,280008,3471,4559,8030,144295,143743,288038
CANBERRA,2019,10,150608,147522,298130,3777,3557,7334,154385,151079,305464
CANBERRA,2019,11,143066,144165,287231,2813,3718,6531,145879,147883,293762
CANBERRA,2019,12,120748,130031,250779,2478,4447,6925,123226,134478,257704
CANBERRA,2020,1,107782,97761,205543,2617,3087,5704,110399,100848,211247
CANBERRA,2020,2,121940,117645,239585,2265,2279,4544,124205,119924,244129
CANBERRA,2020,3,77060,74706,151766,1471,1174,2645,78531,75880,154411
CANBERRA,2020,4,2044,2334,4378,0,0,0,2044,2334,4378
CANBERRA,2020,5,2891,2827,5718,0,0,0,2891,2827,5718
CANBERRA,2020,6,6861,6484,13345,0,0,0,6861,6484,13345
CANBERRA,2020,7,10723,11907,22630,0,0,0,10723,11907,22630
CANBERRA,2020,8,7072,6437,13509,0,0,0,7072,6437,13509
CANBERRA,2020,9,6167,7122,13289,0,0,0,6167,7122,13289
CANBERRA,2020,10,22103,23072,45175,0,0,0,22103,23072,45175
CANBERRA,2020,11,34173,34250,68423,118,0,118,34291,34250,68541
CANBERRA,2020,12,51306,61312,112618,0,0,0,51306,61312,112618
CANBERRA,2021,1,52681,44013,96694,0,0,0,52681,44013,96694
CANBERRA,2021,2,46159,46671,92830,0,0,0,46159,46671,92830
CANBERRA,2021,3,65604,66221,131825,137,0,137,65741,66221,131962
CANBERRA,2021,4,73731,73864,147595,0,0,0,73731,73864,147595
CANBERRA,2021,5,81032,82567,163599,0,0,0,81032,82567,163599
CANBERRA,2021,6,67280,69125,136405,0,0,0,67280,69125,136405
CANBERRA,2021,7,35607,33190,68797,0,0,0,35607,33190,68797
CANBERRA,2021,8,7057,5713,12770,0,0,0,7057,5713,12770
CANBERRA,2021,9,1854,1642,3496,0,0,0,1854,1642,3496
CANBERRA,2021,10,2074,2484,4558,0,0,0,2074,2484,4558
CANBERRA,2021,11,24218,23996,48214,0,0,0,24218,23996,48214
CANBERRA,2021,12,53095,64004,117099,0,0,0,53095,64004,117099
CANBERRA,2022,1,54401,45340,99741,0,0,0,54401,45340,99741
CANBERRA,2022,2,56774,56165,112939,0,0,0,56774,56165,112939
CANBERRA,2022,3,88227,88613,176840,0,0,0,88227,88613,176840
CANBERRA,2022,4,104174,106801,210975,0,0,0,104174,106801,210975
CANBERRA,2022,5,105704,106083,211787,0,0,0,105704,106083,211787
CANBERRA,2022,6,108136,110827,218963,0,0,0,108136,110827,218963
CANBERRA,2022,7,121068,119187,240255,0,0,0,121068,119187,240255
CANBERRA,2022,8,111703,109761,221464,0,0,0,111703,109761,221464
CANBERRA,2022,9,114412,119407,233819,0,0,0,114412,119407,233819
CANBERRA,2022,10,125573,119439,245012,0,0,0,125573,119439,245012
CANBERRA,2022,11,123665,122061,245726,0,0,0,123665,122061,245726
CANBERRA,2022,12,103818,116268,220086,0,0,0,103818,116268,220086
CANBERRA,2023,1,98797,86077,184874,0,0,0,98797,86077,184874
CANBERRA,2023,2,100579,98249,198828,0,0,0,100579,98249,198828
CANBERRA,2023,3,120774,122673,243447,0,0,0,120774,122673,243447
CANBERRA,2023,4,110403,108661,219064,105,72,177,110508,108733,219241
CANBERRA,2023,5,115035,115972,231007,0,0,0,115035,115972,231007
CANBERRA,2023,6,111779,116283,228062,0,0,0,111779,116283,228062
CANBERRA,2023,7,121023,116196,237219,318,203,521,121341,116399,237740
CANBERRA,2023,8,119065,120265,239330,802,874,1676,119867,121139,241006
CANBERRA,2023,9,119580,122742,242322,940,1059,1999,120520,123801,244321
CANBERRA,2023,10,127977,120158,248135,1234,1379,2613,129211,121537,250748
CANBERRA,2023,11,129008,129404,258412,983,1183,2166,129991,130587,260578
CANBERRA,2023,12,107915,118735,226650,1568,1360,2928,109483,120095,229578
CANBERRA,2024,1,99608,88844,188452,1235,1767,3002,100843,90611,191454
CANBERRA,2024,2,111444,108941,220385,544,707,1251,111988,109648,221636
CANBERRA,2024,3,121366,123362,244728,1001,927,1928,122367,124289,246656
CANBERRA,2024,4,113579,114353,227932,1140,1177,2317,114719,115530,230249
CANBERRA,2024,5,116763,119036,235799,1048,1085,2133,117811,120121,237932
CANBERRA,2024,6,112740,112096,224836,1750,1911,3661,114490,114007,228497
DARWIN,2009,1,48063,43362,91425,10356,6373,16729,58419,49735,108154
DARWIN,2009,2,36513,38153,74666,6589,4231,10820,43102,42384,85486
DARWIN,2009,3,44423,43605,88028,5113,5276,10389,49536,48881,98417
DARWIN,2009,4,54008,53083,107091,7744,7085,14829,61752,60168,121920
DARWIN,2009,5,59998,58394,118392,8422,8485,16907,68420,66879,135299
DARWIN,2009,6,66180,65174,131354,8809,9617,18426,74989,74791,149780
DARWIN,2009,7,72086,73153,145239,11331,8167,19498,83417,81320,164737
DARWIN,2009,8,65829,68777,134606,9252,9866,19118,75081,78643,153724
DARWIN,2009,9,62026,62687,124713,9437,8716,18153,71463,71403,142866
DARWIN,2009,10,55456,61195,116651,9885,7547,17432,65341,68742,134083
DARWIN,2009,11,48126,49180,97306,8305,7371,15676,56431,56551,112982
DARWIN,2009,12,47587,50893,98480,6700,11065,17765,54287,61958,116245
DARWIN,2010,1,49033,45706,94739,12438,7021,19459,61471,52727,114198
DARWIN,2010,2,40680,42137,82817,7671,5946,13617,48351,48083,96434
DARWIN,2010,3,52040,51606,103646,7223,6848,14071,59263,58454,117717
DARWIN,2010,4,56009,54454,110463,8722,8067,16789,64731,62521,127252
DARWIN,2010,5,59942,58547,118489,8980,8182,17162,68922,66729,135651
DARWIN,2010,6,68101,64828,132929,9032,10053,19085,77133,74881,152014
DARWIN,2010,7,77612,78928,156540,12432,10236,22668,90044,89164,179208
DARWIN,2010,8,71205,73913,145118,9930,10517,20447,81135,84430,165565
DARWIN,2010,9,68599,69156,137755,10104,9608,19712,78703,78764,157467
DARWIN,2010,10,61561,66232,127793,10326,7948,18274,71887,74180,146067
DARWIN,2010,11,51484,52956,104440,8202,7770,15972,59686,60726,120412
DARWIN,2010,12,51494,58703,110197,7376,12373,19749,58870,71076,129946
DARWIN,2011,1,55293,48768,104061,15893,9594,25487,71186,58362,129548
DARWIN,2011,2,38684,40291,78975,9685,8793,18478,48369,49084,97453
DARWIN,2011,3,50909,51066,101975,10698,9766,20464,61607,60832,122439
DARWIN,2011,4,59134,57886,117020,11843,11649,23492,70977,69535,140512
DARWIN,2011,5,61808,59126,120934,12126,10980,23106,73934,70106,144040
DARWIN,2011,6,66655,63831,130486,11490,12875,24365,78145,76706,154851
DARWIN,2011,7,94294,94188,188482,17228,16951,34179,111522,111139,222661
DARWIN,2011,8,82073,86379,168452,14244,16475,30719,96317,102854,199171
DARWIN,2011,9,76464,75476,151940,14384,16426,30810,90848,91902,182750
DARWIN,2011,10,74984,77772,152756,16324,16065,32389,91308,93837,185145
DARWIN,2011,11,66991,67348,134339,14519,16635,31154,81510,83983,165493
DARWIN,2011,12,63483,71878,135361,12214,20078,32292,75697,91956,167653
DARWIN,2012,1,68388,60334,128722,19497,14371,33868,87885,74705,162590
DARWIN,2012,2,53813,55491,109304,13713,12071,25784,67526,67562,135088
DARWIN,2012,3,63537,62277,125814,12657,13290,25947,76194,75567,151761
DARWIN,2012,4,67753,65371,133124,13086,14062,27148,80839,79433,160272
DARWIN,2012,5,68975,67402,136377,12099,12321,24420,81074,79723,160797
DARWIN,2012,6,78831,73034,151865,12603,15897,28500,91434,88931,180365
DARWIN,2012,7,86207,88760,174967,17574,15555,33129,103781,104315,208096
DARWIN,2012,8,77942,81287,159229,13355,14200,27555,91297,95487,186784
DARWIN,2012,9,71178,72489,143667,12534,12692,25226,83712,85181,168893
DARWIN,2012,10,64444,70909,135353,14405,12751,27156,78849,83660,162509
DARWIN,2012,11,59865,63198,123063,11167,12510,23677,71032,75708,146740
DARWIN,2012,12,55534,66863,122397,9045,17259,26304,64579,84122,148701
DARWIN,2013,1,62540,57093,119633,15897,12096,27993,78437,69189,147626
DARWIN,2013,2,46455,51578,98033,11276,10209,21485,57731,61787,119518
DARWIN,2013,3,64627,62391,127018,11665,12739,24404,76292,75130,151422
DARWIN,2013,4,70025,67143,137168,13150,13090,26240,83175,80233,163408
DARWIN,2013,5,69754,66386,136140,11902,12238,24140,81656,78624,160280
DARWIN,2013,6,77202,73766,150968,11490,14233,25723,88692,87999,176691
DARWIN,2013,7,85730,91046,176776,17711,15892,33603,103441,106938,210379
DARWIN,2013,8,78518,86863,165381,14709,16044,30753,93227,102907,196134
DARWIN,2013,9,77078,76640,153718,15175,14947,30122,92253,91587,183840
DARWIN,2013,10,76345,84183,160528,16029,14077,30106,92374,98260,190634
DARWIN,2013,11,62843,66689,129532,12889,13846,26735,75732,80535,156267
DARWIN,2013,12,62425,72740,135165,10761,21152,31913,73186,93892,167078
DARWIN,2014,1,68673,59642,128315,20907,13760,34667,89580,73402,162982
DARWIN,2014,2,51884,54504,106388,12288,10867,23155,64172,65371,129543
DARWIN,2014,3,62953,62152,125105,12264,11944,24208,75217,74096,149313
DARWIN,2014,4,74805,72966,147771,10904,11950,22854,85709,84916,170625
DARWIN,2014,5,74481,73042,147523,11129,12017,23146,85610,85059,170669
DARWIN,2014,6,90436,84191,174627,12073,15491,27564,102509,99682,202191
DARWIN,2014,7,94921,97274,192195,16732,14403,31135,111653,111677,223330
DARWIN,2014,8,87423,91411,178834,14429,15917,30346,101852,107328,209180
DARWIN,2014,9,79779,81259,161038,13861,13879,27740,93640,95138,188778
DARWIN,2014,10,78438,83022,161460,14688,12566,27254,93126,95588,188714
DARWIN,2014,11,66034,68759,134793,10563,11258,21821,76597,80017,156614
DARWIN,2014,12,62920,77493,140413,8816,15964,24780,71736,93457,165193
DARWIN,2015,1,69503,57368,126871,15839,9890,25729,85342,67258,152600
DARWIN,2015,2,52098,53095,105193,10012,8779,18791,62110,61874,123984
DARWIN,2015,3,65149,63427,128576,9928,10166,20094,75077,73593,148670
DARWIN,2015,4,74927,71880,146807,10371,9647,20018,85298,81527,166825
DARWIN,2015,5,76197,73855,150052,10489,10953,21442,86686,84808,171494
DARWIN,2015,6,88982,83047,172029,10295,12773,23068,99277,95820,195097
DARWIN,2015,7,97542,100915,198457,14992,12248,27240,112534,113163,225697
DARWIN,2015,8,85948,91755,177703,11491,12008,23499,97439,103763,201202
DARWIN,2015,9,82773,82494,165267,10797,10482,21279,93570,92976,186546
DARWIN,2015,10,75128,81496,156624,11222,9569,20791,86350,91065,177415
DARWIN,2015,11,67178,68458,135636,9269,9372,18641,76447,77830,154277
DARWIN,2015,12,60543,75501,136044,8199,13996,22195,68742,89497,158239
DARWIN,2016,1,69963,56451,126414,14691,10021,24712,84654,66472,151126
DARWIN,2016,2,53598,54994,108592,9106,7612,16718,62704,62606,125310
DARWIN,2016,3,66369,66209,132578,8824,9100,17924,75193,75309,150502
DARWIN,2016,4,73084,71795,144879,9808,10021,19829,82892,81816,164708
DARWIN,2016,5,77991,74579,152570,10481,11275,21756,88472,85854,174326
DARWIN,2016,6,90624,84174,174798,10734,13149,23883,101358,97323,198681
DARWIN,2016,7,97118,98221,195339,15791,13694,29485,112909,111915,224824
DARWIN,2016,8,86449,93385,179834,12553,12772,25325,99002,106157,205159
DARWIN,2016,9,82167,83178,165345,11777,12080,23857,93944,95258,189202
DARWIN,2016,10,81098,85102,166200,12234,11149,23383,93332,96251,189583
DARWIN,2016,11,69322,70127,139449,9560,9637,19197,78882,79764,158646
DARWIN,2016,12,63916,77790,141706,8924,17076,26000,72840,94866,167706
DARWIN,2017,1,73163,61620,134783,17466,11510,28976,90629,73130,163759
DARWIN,2017,2,53766,54788,108554,10799,7972,18771,64565,62760,127325
DARWIN,2017,3,67319,65572,132891,9524,9890,19414,76843,75462,152305
DARWIN,2017,4,73820,73730,147550,11407,11660,23067,85227,85390,170617
DARWIN,2017,5,77086,72354,149440,10377,10756,21133,87463,83110,170573
DARWIN,2017,6,89615,83613,173228,11386,14142,25528,101001,97755,198756
DARWIN,2017,7,96791,99647,196438,14671,13244,27915,111462,112891,224353
DARWIN,2017,8,90820,93937,184757,11606,12589,24195,102426,106526,208952
DARWIN,2017,9,80377,81831,162208,11525,10651,22176,91902,92482,184384
DARWIN,2017,10,78841,82495,161336,11330,10565,21895,90171,93060,183231
DARWIN,2017,11,68432,70673,139105,9446,9662,19108,77878,80335,158213
DARWIN,2017,12,63841,75420,139261,8449,14230,22679,72290,89650,161940
DARWIN,2018,1,71306,60705,132011,15625,10304,25929,86931,71009,157940
DARWIN,2018,2,52433,53191,105624,8919,7364,16283,61352,60555,121907
DARWIN,2018,3,64602,65239,129841,7718,8106,15824,72320,73345,145665
DARWIN,2018,4,72393,70218,142611,9102,9005,18107,81495,79223,160718
DARWIN,2018,5,76202,74029,150231,7979,8184,16163,84181,82213,166394
DARWIN,2018,6,84518,80484,165002,9976,10931,20907,94494,91415,185909
DARWIN,2018,7,96710,100013,196723,10465,9930,20395,107175,109943,217118
DARWIN,2018,8,86310,91491,177801,10085,10455,20540,96395,101946,198341
DARWIN,2018,9,81111,82002,163113,9327,9011,18338,90438,91013,181451
DARWIN,2018,10,74963,80197,155160,9424,8537,17961,84387,88734,173121
DARWIN,2018,11,62541,64400,126941,8426,8618,17044,70967,73018,143985
DARWIN,2018,12,59703,70480,130183,7985,13115,21100,67688,83595,151283
DARWIN,2019,1,65415,56170,121585,13501,9880,23381,78916,66050,144966
DARWIN,2019,2,51741,52055,103796,9136,6754,15890,60877,58809,119686
DARWIN,2019,3,60587,59296,119883,7932,7402,15334,68519,66698,135217
DARWIN,2019,4,73370,70662,144032,10018,10067,20085,83388,80729,164117
DARWIN,2019,5,73588,71246,144834,10481,11013,21494,84069,82259,166328
DARWIN,2019,6,83691,79376,163067,10830,12907,23737,94521,92283,186804
DARWIN,2019,7,93885,97733,191618,14178,11800,25978,108063,109533,217596
DARWIN,2019,8,85090,90369,175459,12323,12564,24887,97413,102933,200346
DARWIN,2019,9,77127,78844,155971,11655,11409,23064,88782,90253,179035
DARWIN,2019,10,74434,79762,154196,11996,9762,21758,86430,89524,175954
DARWIN,2019,11,60776,63808,124584,9006,9238,18244,69782,73046,142828
DARWIN,2019,12,60593,67842,128435,7543,14635,22178,68136,82477,150613
DARWIN,2020,1,64657,56560,121217,15026,10712,25738,79683,67272,146955
DARWIN,2020,2,48141,50081,98222,8685,5674,14359,56826,55755,112581
DARWIN,2020,3,41355,39999,81354,4342,2910,7252,45697,42909,88606
DARWIN,2020,4,3401,3309,6710,0,0,0,3401,3309,6710
DARWIN,2020,5,3014,2736,5750,0,0,0,3014,2736,5750
DARWIN,2020,6,6728,6568,13296,0,0,0,6728,6568,13296
DARWIN,2020,7,14237,12332,26569,0,0,0,14237,12332,26569
DARWIN,2020,8,19355,19061,38416,0,0,0,19355,19061,38416
DARWIN,2020,9,25754,24295,50049,0,0,0,25754,24295,50049
DARWIN,2020,10,31623,33532,65155,0,0,0,31623,33532,65155
DARWIN,2020,11,31186,33267,64453,63,4,67,31249,33271,64520
DARWIN,2020,12,38497,45294,83791,8,0,8,38505,45294,83799
DARWIN,2021,1,40399,38445,78844,0,0,0,40399,38445,78844
DARWIN,2021,2,27246,29308,56554,0,0,0,27246,29308,56554
DARWIN,2021,3,41072,41479,82551,0,0,0,41072,41479,82551
DARWIN,2021,4,58960,57078,116038,0,0,0,58960,57078,116038
DARWIN,2021,5,64413,62995,127408,0,0,0,64413,62995,127408
DARWIN,2021,6,59264,60502,119766,0,0,0,59264,60502,119766
DARWIN,2021,7,45513,45924,91437,0,0,0,45513,45924,91437
DARWIN,2021,8,38962,45706,84668,0,0,0,38962,45706,84668
DARWIN,2021,9,47173,50023,97196,0,0,0,47173,50023,97196
DARWIN,2021,10,44302,51407,95709,0,0,0,44302,51407,95709
DARWIN,2021,11,27062,31216,58278,887,181,1068,27949,31397,59346
DARWIN,2021,12,27859,36036,63895,1003,679,1682,28862,36715,65577
DARWIN,2022,1,33550,27956,61506,1128,672,1800,34678,28628,63306
DARWIN,2022,2,25989,27998,53987,1800,858,2658,27789,28856,56645
DARWIN,2022,3,43814,44414,88228,2796,1979,4775,46610,46393,93003
DARWIN,2022,4,69585,67980,137565,4633,4999,9632,74218,72979,147197
DARWIN,2022,5,74594,70583,145177,5768,6601,12369,80362,77184,157546
DARWIN,2022,6,87873,78844,166717,6072,7727,13799,93945,86571,180516
DARWIN,2022,7,93673,97593,191266,8642,7711,16353,102315,105304,207619
DARWIN,2022,8,77807,83209,161016,7483,6757,14240,85290,89966,175256
DARWIN,2022,9,76708,80271,156979,6289,6134,12423,82997,86405,169402
DARWIN,2022,10,71747,76723,148470,6707,5765,12472,78454,82488,160942
DARWIN,2022,11,57288,59696,116984,7064,6823,13887,64352,66519,130871
DARWIN,2022,12,52909,64556,117465,5409,7952,13361,58318,72508,130826
DARWIN,2023,1,57714,49886,107600,7777,6134,13911,65491,56020,121511
DARWIN,2023,2,43558,43549,87107,6650,5164,11814,50208,48713,98921
DARWIN,2023,3,57575,55273,112848,6237,5577,11814,63812,60850,124662
DARWIN,2023,4,67366,64435,131801,6319,6734,13053,73685,71169,144854
DARWIN,2023,5,72768,69623,142391,6474,6504,12978,79242,76127,155369
DARWIN,2023,6,82253,75790,158043,6842,7183,14025,89095,82973,172068
DARWIN,2023,7,87172,90824,177996,8697,8406,17103,95869,99230,195099
DARWIN,2023,8,80462,84572,165034,8403,8207,16610,88865,92779,181644
DARWIN,2023,9,74658,78849,153507,8317,7713,16030,82975,86562,169537
DARWIN,2023,10,69188,71688,140876,5792,4943,10735,74980,76631,151611
DARWIN,2023,11,53752,55591,109343,7317,7608,14925,61069,63199,124268
DARWIN,2023,12,52349,62568,114917,6170,8556,14726,58519,71124,129643
DARWIN,2024,1,58692,51559,110251,8647,6677,15324,67339,58236,125575
DARWIN,2024,2,47084,47414,94498,7541,6586,14127,54625,54000,108625
DARWIN,2024,3,55733,54290,110023,7612,7730,15342,63345,62020,125365
DARWIN,2024,4,65696,62112,127808,8507,8090,16597,74203,70202,144405
DARWIN,2024,5,69908,66661,136569,8842,8847,17689,78750,75508,154258
DARWIN,2024,6,78771,73736,152507,9222,9922,19144,87993,83658,171651
GOLD COAST,2009,1,195206,199577,394783,27096,24424,51520,222302,224001,446303
GOLD COAST,2009,2,154912,155895,310807,22327,20925,43252,177239,176820,354059
GOLD COAST,2009,3,176763,175727,352490,24079,23976,48055,200842,199703,400545
GOLD COAST,2009,4,176219,177224,353443,23212,22039,45251,199431,199263,398694
GOLD COAST,2009,5,165641,166003,331644,23809,25504,49313,189450,191507,380957
GOLD COAST,2009,6,156077,153760,309837,20573,21830,42403,176650,175590,352240
GOLD COAST,2009,7,182386,181734,364120,25121,23157,48278,207507,204891,412398
GOLD COAST,2009,8,179302,176975,356277,27415,29116,56531,206717,206091,412808
GOLD COAST,2009,9,188200,182860,371060,30521,31368,61889,218721,214228,432949
GOLD COAST,2009,10,193845,197470,391315,30399,31251,61650,224244,228721,452965
GOLD COAST,2009,11,178007,179600,357607,30037,32235,62272,208044,211835,419879
GOLD COAST,2009,12,179311,173742,353053,31049,34869,65918,210360,208611,418971
GOLD COAST,2010,1,194353,200699,395052,34977,33841,68818,229330,234540,463870
GOLD COAST,2010,2,181699,179840,361539,31244,31266,62510,212943,211106,424049
GOLD COAST,2010,3,198637,194526,393163,35150,36218,71368,233787,230744,464531
GOLD COAST,2010,4,193045,197697,390742,31212,29531,60743,224257,227228,451485
GOLD COAST,2010,5,181410,182011,363421,26191,28175,54366,207601,210186,417787
GOLD COAST,2010,6,181333,177531,358864,27027,28564,55591,208360,206095,414455
GOLD COAST,2010,7,208794,210106,418900,33974,29982,63956,242768,240088,482856
GOLD COAST,2010,8,193943,195166,389109,34085,37628,71713,228028,232794,460822
GOLD COAST,2010,9,211674,201192,412866,32551,35732,68283,244225,236924,481149
GOLD COAST,2010,10,207738,213135,420873,33635,33355,66990,241373,246490,487863
GOLD COAST,2010,11,200935,204002,404937,30669,35394,66063,231604,239396,471000
GOLD COAST,2010,12,214564,205921,420485,34186,42082,76268,248750,248003,496753
GOLD COAST,2011,1,232797,249492,482289,41804,37522,79326,274601,287014,561615
GOLD COAST,2011,2,168188,173197,341385,32924,31144,64068,201112,204341,405453
GOLD COAST,2011,3,185830,187395,373225,32255,30531,62786,218085,217926,436011
GOLD COAST,2011,4,192240,187386,379626,27558,26353,53911,219798,213739,433537
GOLD COAST,2011,5,170531,173866,344397,26231,27520,53751,196762,201386,398148
GOLD COAST,2011,6,164516,161764,326280,21118,23467,44585,185634,185231,370865
GOLD COAST,2011,7,197540,193552,391092,28041,25173,53214,225581,218725,444306
GOLD COAST,2011,8,180526,179493,360019,30677,31499,62176,211203,210992,422195
GOLD COAST,2011,9,194819,184970,379789,24972,28808,53780,219791,213778,433569
GOLD COAST,2011,10,201561,206303,407864,31390,28441,59831,232951,234744,467695
GOLD COAST,2011,11,192047,193521,385568,28281,30597,58878,220328,224118,444446
GOLD COAST,2011,12,211701,198065,409766,31054,38503,69557,242755,236568,479323
GOLD COAST,2012,1,218113,225797,443910,37778,34394,72172,255891,260191,516082
GOLD COAST,2012,2,176145,181526,357671,31505,29558,61063,207650,211084,418734
GOLD COAST,2012,3,198257,194928,393185,31081,32987,64068,229338,227915,457253
GOLD COAST,2012,4,193298,198991,392289,30159,28698,58857,223457,227689,451146
GOLD COAST,2012,5,169383,168416,337799,24579,24653,49232,193962,193069,387031
GOLD COAST,2012,6,173581,169033,342614,29426,32750,62176,203007,201783,404790
GOLD COAST,2012,7,203728,206186,409914,40614,34658,75272,244342,240844,485186
GOLD COAST,2012,8,193980,195043,389023,36010,37046,73056,229990,232089,462079
GOLD COAST,2012,9,227752,215788,443540,33105,38179,71284,260857,253967,514824
GOLD COAST,2012,10,226551,236294,462845,39394,36229,75623,265945,272523,538468
GOLD COAST,2012,11,213335,215989,429324,35806,36323,72129,249141,252312,501453
GOLD COAST,2012,12,230683,222088,452771,39944,49548,89492,270627,271636,542263
GOLD COAST,2013,1,227975,237676,465651,46240,41993,88233,274215,279669,553884
GOLD COAST,2013,2,176245,181560,357805,37372,33017,70389,213617,214577,428194
GOLD COAST,2013,3,201349,198297,399646,37409,39839,77248,238758,238136,476894
GOLD COAST,2013,4,202809,210613,413422,34455,31352,65807,237264,241965,479229
GOLD COAST,2013,5,170309,172736,343045,30224,30757,60981,200533,203493,404026
GOLD COAST,2013,6,178104,177383,355487,29774,33248,63022,207878,210631,418509
GOLD COAST,2013,7,211763,213706,425469,38532,32125,70657,250295,245831,496126
GOLD COAST,2013,8,197325,199710,397035,35168,36545,71713,232493,236255,468748
GOLD COAST,2013,9,220798,208414,429212,32323,36023,68346,253121,244437,497558
GOLD COAST,2013,10,229553,237503,467056,38248,34129,72377,267801,271632,539433
GOLD COAST,2013,11,197351,201785,399136,33713,34421,68134,231064,236206,467270
GOLD COAST,2013,12,229436,219869,449305,39707,48291,87998,269143,268160,537303
GOLD COAST,2014,1,233478,248687,482165,49373,43639,93012,282851,292326,575177
GOLD COAST,2014,2,175850,180341,356191,38138,35156,73294,213988,215497,429485
GOLD COAST,2014,3,196731,198767,395498,37933,37464,75397,234664,236231,470895
GOLD COAST,2014,4,199982,201778,401760,35779,32787,68566,235761,234565,470326
GOLD COAST,2014,5,176988,177180,354168,31216,29173,60389,208204,206353,414557
GOLD COAST,2014,6,176731,174501,351232,31391,34036,65427,208122,208537,416659
GOLD COAST,2014,7,213989,214951,428940,41936,35206,77142,255925,250157,506082
GOLD COAST,2014,8,199892,203361,403253,35563,37014,72577,235455,240375,475830
GOLD COAST,2014,9,219163,209110,428273,33293,35862,69155,252456,244972,497428
GOLD COAST,2014,10,235350,240190,475540,38397,34072,72469,273747,274262,548009
GOLD COAST,2014,11,205695,206609,412304,33719,35565,69284,239414,242174,481588
GOLD COAST,2014,12,233645,224884,458529,38278,45981,84259,271923,270865,542788
GOLD COAST,2015,1,228760,247455,476215,47430,40477,87907,276190,287932,564122
GOLD COAST,2015,2,176481,180128,356609,35098,32950,68048,211579,213078,424657
GOLD COAST,2015,3,201680,198263,399943,37413,35449,72862,239093,233712,472805
GOLD COAST,2015,4,204814,211335,416149,37202,34068,71270,242016,245403,487419
GOLD COAST,2015,5,182778,184034,366812,34086,31677,65763,216864,215711,432575
GOLD COAST,2015,6,186821,179078,365899,32051,36170,68221,218872,215248,434120
GOLD COAST,2015,7,223508,227796,451304,49303,40515,89818,272811,268311,541122
GOLD COAST,2015,8,205291,207141,412432,37253,37977,75230,242544,245118,487662
GOLD COAST,2015,9,233558,221191,454749,40579,42342,82921,274137,263533,537670
GOLD COAST,2015,10,236242,241794,478036,45123,40934,86057,281365,282728,564093
GOLD COAST,2015,11,212679,218157,430836,38050,40108,78158,250729,258265,508994
GOLD COAST,2015,12,242367,230040,472407,45218,51494,96712,287585,281534,569119
GOLD COAST,2016,1,247220,268967,516187,52344,43905,96249,299564,312872,612436
GOLD COAST,2016,2,197007,202951,399958,42775,36302,79077,239782,239253,479035
GOLD COAST,2016,3,219004,218426,437430,46336,44337,90673,265340,262763,528103
GOLD COAST,2016,4,213036,219439,432475,45883,39557,85440,258919,258996,517915
GOLD COAST,2016,5,190164,193810,383974,40725,37346,78071,230889,231156,462045
GOLD COAST,2016,6,195060,186355,381415,40144,43653,83797,235204,230008,465212
GOLD COAST,2016,7,232007,236570,468577,59466,47514,106980,291473,284084,575557
GOLD COAST,2016,8,210580,215272,425852,47794,48410,96204,258374,263682,522056
GOLD COAST,2016,9,236038,225191,461229,48322,48558,96880,284360,273749,558109
GOLD COAST,2016,10,241097,246926,488023,48289,44655,92944,289386,291581,580967
GOLD COAST,2016,11,217585,221922,439507,41995,42664,84659,259580,264586,524166
GOLD COAST,2016,12,246168,236962,483130,48627,53957,102584,294795,290919,585714
GOLD COAST,2017,1,249932,269342,519274,57691,46200,103891,307623,315542,623165
GOLD COAST,2017,2,190703,196827,387530,42614,36458,79072,233317,233285,466602
GOLD COAST,2017,3,215154,212372,427526,44795,42345,87140,259949,254717,514666
GOLD COAST,2017,4,230176,233720,463896,48791,45433,94224,278967,279153,558120
GOLD COAST,2017,5,197532,199078,396610,40980,37658,78638,238512,236736,475248
GOLD COAST,2017,6,198253,192782,391035,39900,41871,81771,238153,234653,472806
GOLD COAST,2017,7,240788,238372,479160,53245,42828,96073,294033,281200,575233
GOLD COAST,2017,8,210013,214791,424804,45310,44960,90270,255323,259751,515074
GOLD COAST,2017,9,236713,223207,459920,43479,44284,87763,280192,267491,547683
GOLD COAST,2017,10,240741,252165,492906,49333,44902,94235,290074,297067,587141
GOLD COAST,2017,11,226173,228215,454388,41391,43142,84533,267564,271357,538921
GOLD COAST,2017,12,256458,245478,501936,48111,54377,102488,304569,299855,604424
GOLD COAST,2018,1,262917,283349,546266,55665,47400,103065,318582,330749,649331
GOLD COAST,2018,2,198220,201132,399352,41025,37190,78215,239245,238322,477567
GOLD COAST,2018,3,229124,222321,451445,44258,44035,88293,273382,266356,539738
GOLD COAST,2018,4,234754,242712,477466,48166,42169,90335,282920,284881,567801
GOLD COAST,2018,5,195129,197669,392798,38091,36695,74786,233220,234364,467584
GOLD COAST,2018,6,198752,191807,390559,39070,41285,80355,237822,233092,470914
GOLD COAST,2018,7,238435,239301,477736,50439,43182,93621,288874,282483,571357
GOLD COAST,2018,8,222751,224919,447670,43070,42826,85896,265821,267745,533566
GOLD COAST,2018,9,232596,223958,456554,38337,40845,79182,270933,264803,535736
GOLD COAST,2018,10,239357,247668,487025,44146,42429,86575,283503,290097,573600
GOLD COAST,2018,11,223284,223640,446924,35905,37921,73826,259189,261561,520750
GOLD COAST,2018,12,249216,238173,487389,41245,49804,91049,290461,287977,578438
GOLD COAST,2019,1,262601,279573,542174,50028,45595,95623,312629,325168,637797
GOLD COAST,2019,2,190989,197259,388248,37158,33065,70223,228147,230324,458471
GOLD COAST,2019,3,213949,211594,425543,37533,36254,73787,251482,247848,499330
GOLD COAST,2019,4,238715,240862,479577,41791,39330,81121,280506,280192,560698
GOLD COAST,2019,5,202593,203317,405910,33718,31341,65059,236311,234658,470969
GOLD COAST,2019,6,203236,198016,401252,34422,37429,71851,237658,235445,473103
GOLD COAST,2019,7,247576,248958,496534,46702,39113,85815,294278,288071,582349
GOLD COAST,2019,8,222730,225565,448295,38835,39005,77840,261565,264570,526135
GOLD COAST,2019,9,241442,230758,472200,36132,37885,74017,277574,268643,546217
GOLD COAST,2019,10,255381,265431,520812,40033,37218,77251,295414,302649,598063
GOLD COAST,2019,11,225477,231244,456721,34509,35596,70105,259986,266840,526826
GOLD COAST,2019,12,261555,244787,506342,45674,52629,98303,307229,297416,604645
GOLD COAST,2020,1,262457,276137,538594,52235,47115,99350,314692,323252,637944
GOLD COAST,2020,2,185735,189523,375258,36789,32871,69660,222524,222394,444918
GOLD COAST,2020,3,127307,137163,264470,20412,18038,38450,147719,155201,302920
GOLD COAST,2020,4,596,922,1518,0,0,0,596,922,1518
GOLD COAST,2020,5,1025,1272,2297,0,0,0,1025,1272,2297
GOLD COAST,2020,6,2252,2837,5089,0,0,0,2252,2837,5089
GOLD COAST,2020,7,21997,19649,41646,0,0,0,21997,19649,41646
GOLD COAST,2020,8,4075,5636,9711,0,0,0,4075,5636,9711
GOLD COAST,2020,9,10057,10035,20092,0,284,284,10057,10319,20376
GOLD COAST,2020,10,16042,15400,31442,0,0,0,16042,15400,31442
GOLD COAST,2020,11,17802,18453,36255,0,0,0,17802,18453,36255
GOLD COAST,2020,12,101843,86257,188100,0,0,0,101843,86257,188100
GOLD COAST,2021,1,86476,106520,192996,0,0,0,86476,106520,192996
GOLD COAST,2021,2,78519,81407,159926,0,0,0,78519,81407,159926
GOLD COAST,2021,3,142324,138815,281139,0,0,0,142324,138815,281139
GOLD COAST,2021,4,197500,199954,397454,1797,2603,4400,199297,202557,401854
GOLD COAST,2021,5,186483,185124,371607,7460,6807,14267,193943,191931,385874
GOLD COAST,2021,6,119201,117418,236619,8198,7736,15934,127399,125154,252553
GOLD COAST,2021,7,43177,52264,95441,4205,5438,9643,47382,57702,105084
GOLD COAST,2021,8,5901,6584,12485,0,0,0,5901,6584,12485
GOLD COAST,2021,9,12427,12573,25000,0,0,0,12427,12573,25000
GOLD COAST,2021,10,12556,13379,25935,0,0,0,12556,13379,25935
GOLD COAST,2021,11,17318,18011,35329,0,0,0,17318,18011,35329
GOLD COAST,2021,12,119880,85001,204881,0,0,0,119880,85001,204881
GOLD COAST,2022,1,182877,202648,385525,0,0,0,182877,202648,385525
GOLD COAST,2022,2,151862,151166,303028,301,124,425,152163,151290,303453
GOLD COAST,2022,3,196849,199365,396214,2983,3031,6014,199832,202396,402228
GOLD COAST,2022,4,270544,269351,539895,8060,7695,15755,278604,277046,555650
GOLD COAST,2022,5,217755,220808,438563,9571,8649,18220,227326,229457,456783
GOLD COAST,2022,6,231105,221148,452253,15210,16385,31595,246315,237533,483848
GOLD COAST,2022,7,243878,245747,489625,26229,22633,48862,270107,268380,538487
GOLD COAST,2022,8,216702,218038,434740,25503,25076,50579,242205,243114,485319
GOLD COAST,2022,9,232538,227367,459905,26255,26290,52545,258793,253657,512450
GOLD COAST,2022,10,237083,237880,474963,27812,26387,54199,264895,264267,529162
GOLD COAST,2022,11,231294,233057,464351,28108,29278,57386,259402,262335,521737
GOLD COAST,2022,12,243465,234968,478433,27094,28518,55612,270559,263486,534045
GOLD COAST,2023,1,248670,261906,510576,32363,28659,61022,281033,290565,571598
GOLD COAST,2023,2,188231,187276,375507,28225,26802,55027,216456,214078,430534
GOLD COAST,2023,3,211524,213378,424902,30936,30210,61146,242460,243588,486048
GOLD COAST,2023,4,229806,228478,458284,39214,36705,75919,269020,265183,534203
GOLD COAST,2023,5,205362,205698,411060,32887,30946,63833,238249,236644,474893
GOLD COAST,2023,6,209560,201489,411049,35099,37464,72563,244659,238953,483612
GOLD COAST,2023,7,238507,241729,480236,43785,36661,80446,282292,278390,560682
GOLD COAST,2023,8,218772,220353,439125,34098,33112,67210,252870,253465,506335
GOLD COAST,2023,9,244452,236402,480854,36804,37399,74203,281256,273801,555057
GOLD COAST,2023,10,240543,246162,486705,36152,33809,69961,276695,279971,556666
GOLD COAST,2023,11,229172,231813,460985,25198,26729,51927,254370,258542,512912
GOLD COAST,2023,12,257085,243178,500263,26944,30423,57367,284029,273601,557630
GOLD COAST,2024,1,258128,275765,533893,32659,29658,62317,290787,305423,596210
GOLD COAST,2024,2,212791,214004,426795,23412,22061,45473,236203,236065,472268
GOLD COAST,2024,3,242625,236651,479276,23851,23870,47721,266476,260521,526997
GOLD COAST,2024,4,243096,248009,491105,30213,26508,56721,273309,274517,547826
GOLD COAST,2024,5,208372,208655,417027,22701,21933,44634,231073,230588,461661
GOLD COAST,2024,6,209732,207786,417518,24777,25347,50124,234509,233133,467642
HAMILTON ISLAND,2009,1,19233,21400,40633,0,0,0,19233,21400,40633
HAMILTON ISLAND,2009,2,13441,13381,26822,0,0,0,13441,13381,26822
HAMILTON ISLAND,2009,3,16418,16376,32794,0,0,0,16418,16376,32794
HAMILTON ISLAND,2009,4,17439,17532,34971,0,0,0,17439,17532,34971
HAMILTON ISLAND,2009,5,14959,15330,30289,0,0,0,14959,15330,30289
HAMILTON ISLAND,2009,6,15081,14625,29706,0,0,0,15081,14625,29706
HAMILTON ISLAND,2009,7,19347,19839,39186,0,0,0,19347,19839,39186
HAMILTON ISLAND,2009,8,20162,20478,40640,0,0,0,20162,20478,40640
HAMILTON ISLAND,2009,9,23005,22603,45608,0,0,0,23005,22603,45608
HAMILTON ISLAND,2009,10,24217,24561,48778,0,0,0,24217,24561,48778
HAMILTON ISLAND,2009,11,22397,22966,45363,0,0,0,22397,22966,45363
HAMILTON ISLAND,2009,12,21234,20414,41648,0,0,0,21234,20414,41648
HAMILTON ISLAND,2010,1,21471,23160,44631,0,0,0,21471,23160,44631
HAMILTON ISLAND,2010,2,16794,16718,33512,0,0,0,16794,16718,33512
HAMILTON ISLAND,2010,3,17924,17626,35550,0,0,0,17924,17626,35550
HAMILTON ISLAND,2010,4,19470,19653,39123,0,0,0,19470,19653,39123
HAMILTON ISLAND,2010,5,15711,16409,32120,0,0,0,15711,16409,32120
HAMILTON ISLAND,2010,6,16377,15523,31900,0,0,0,16377,15523,31900
HAMILTON ISLAND,2010,7,19521,20456,39977,0,0,0,19521,20456,39977
HAMILTON ISLAND,2010,8,20111,20047,40158,0,0,0,20111,20047,40158
HAMILTON ISLAND,2010,9,22709,21122,43831,0,0,0,22709,21122,43831
HAMILTON ISLAND,2010,10,23376,24636,48012,0,0,0,23376,24636,48012
HAMILTON ISLAND,2010,11,21799,22621,44420,0,0,0,21799,22621,44420
HAMILTON ISLAND,2010,12,22647,21194,43841,0,0,0,22647,21194,43841
HAMILTON ISLAND,2011,1,20297,23727,44024,0,0,0,20297,23727,44024
HAMILTON ISLAND,2011,2,12751,12155,24906,0,0,0,12751,12155,24906
HAMILTON ISLAND,2011,3,16346,16232,32578,0,0,0,16346,16232,32578
HAMILTON ISLAND,2011,4,19114,18848,37962,0,0,0,19114,18848,37962
HAMILTON ISLAND,2011,5,14177,15277,29454,0,0,0,14177,15277,29454
HAMILTON ISLAND,2011,6,14850,13628,28478,0,0,0,14850,13628,28478
HAMILTON ISLAND,2011,7,19457,19650,39107,0,0,0,19457,19650,39107
HAMILTON ISLAND,2011,8,19876,19779,39655,0,0,0,19876,19779,39655
HAMILTON ISLAND,2011,9,23094,21284,44378,0,0,0,23094,21284,44378
HAMILTON ISLAND,2011,10,22886,24516,47402,0,0,0,22886,24516,47402
HAMILTON ISLAND,2011,11,21386,22319,43705,0,0,0,21386,22319,43705
HAMILTON ISLAND,2011,12,21111,19668,40779,0,0,0,21111,19668,40779
HAMILTON ISLAND,2012,1,19546,22017,41563,0,0,0,19546,22017,41563
HAMILTON ISLAND,2012,2,13543,13827,27370,0,0,0,13543,13827,27370
HAMILTON ISLAND,2012,3,16254,15380,31634,0,0,0,16254,15380,31634
HAMILTON ISLAND,2012,4,18323,18765,37088,0,0,0,18323,18765,37088
HAMILTON ISLAND,2012,5,14535,15003,29538,0,0,0,14535,15003,29538
HAMILTON ISLAND,2012,6,16231,14644,30875,0,0,0,16231,14644,30875
HAMILTON ISLAND,2012,7,17730,18047,35777,0,0,0,17730,18047,35777
HAMILTON ISLAND,2012,8,18029,17452,35481,0,0,0,18029,17452,35481
HAMILTON ISLAND,2012,9,21942,20358,42300,0,0,0,21942,20358,42300
HAMILTON ISLAND,2012,10,21947,22979,44926,0,0,0,21947,22979,44926
HAMILTON ISLAND,2012,11,21088,21290,42378,0,0,0,21088,21290,42378
HAMILTON ISLAND,2012,12,21496,20261,41757,0,0,0,21496,20261,41757
HAMILTON ISLAND,2013,1,19124,21253,40377,0,0,0,19124,21253,40377
HAMILTON ISLAND,2013,2,15268,15134,30402,0,0,0,15268,15134,30402
HAMILTON ISLAND,2013,3,17792,16657,34449,0,0,0,17792,16657,34449
HAMILTON ISLAND,2013,4,17849,18928,36777,0,0,0,17849,18928,36777
HAMILTON ISLAND,2013,5,15088,15102,30190,0,0,0,15088,15102,30190
HAMILTON ISLAND,2013,6,16694,15212,31906,0,0,0,16694,15212,31906
HAMILTON ISLAND,2013,7,17875,19112,36987,0,0,0,17875,19112,36987
HAMILTON ISLAND,2013,8,20422,19647,40069,0,0,0,20422,19647,40069
HAMILTON ISLAND,2013,9,23283,21927,45210,0,0,0,23283,21927,45210
HAMILTON ISLAND,2013,10,23693,24577,48270,0,0,0,23693,24577,48270
HAMILTON ISLAND,2013,11,22775,22928,45703,0,0,0,22775,22928,45703
HAMILTON ISLAND,2013,12,23009,21951,44960,0,0,0,23009,21951,44960
HAMILTON ISLAND,2014,1,21333,23441,44774,0,0,0,21333,23441,44774
HAMILTON ISLAND,2014,2,17279,17282,34561,0,0,0,17279,17282,34561
HAMILTON ISLAND,2014,3,17274,17414,34688,0,0,0,17274,17414,34688
HAMILTON ISLAND,2014,4,18407,18367,36774,0,0,0,18407,18367,36774
HAMILTON ISLAND,2014,5,16644,16586,33230,0,0,0,16644,16586,33230
HAMILTON ISLAND,2014,6,16873,15213,32086,0,0,0,16873,15213,32086
HAMILTON ISLAND,2014,7,20478,21793,42271,0,0,0,20478,21793,42271
HAMILTON ISLAND,2014,8,21538,21307,42845,0,0,0,21538,21307,42845
HAMILTON ISLAND,2014,9,24516,22996,47512,0,0,0,24516,22996,47512
HAMILTON ISLAND,2014,10,24055,25300,49355,0,0,0,24055,25300,49355
HAMILTON ISLAND,2014,11,21743,22049,43792,0,0,0,21743,22049,43792
HAMILTON ISLAND,2014,12,22916,21701,44617,0,0,0,22916,21701,44617
HAMILTON ISLAND,2015,1,21515,24010,45525,0,0,0,21515,24010,45525
HAMILTON ISLAND,2015,2,18129,17566,35695,0,0,0,18129,17566,35695
HAMILTON ISLAND,2015,3,18788,18138,36926,0,0,0,18788,18138,36926
HAMILTON ISLAND,2015,4,18567,19125,37692,0,0,0,18567,19125,37692
HAMILTON ISLAND,2015,5,16356,16902,33258,0,0,0,16356,16902,33258
HAMILTON ISLAND,2015,6,18103,16269,34372,0,0,0,18103,16269,34372
HAMILTON ISLAND,2015,7,19019,19946,38965,0,0,0,19019,19946,38965
HAMILTON ISLAND,2015,8,21042,21156,42198,0,0,0,21042,21156,42198
HAMILTON ISLAND,2015,9,23255,21637,44892,0,0,0,23255,21637,44892
HAMILTON ISLAND,2015,10,23315,24246,47561,0,0,0,23315,24246,47561
HAMILTON ISLAND,2015,11,21629,22375,44004,0,0,0,21629,22375,44004
HAMILTON ISLAND,2015,12,23727,21671,45398,0,0,0,23727,21671,45398
HAMILTON ISLAND,2016,1,22617,24999,47616,0,0,0,22617,24999,47616
HAMILTON ISLAND,2016,2,20744,20562,41306,0,0,0,20744,20562,41306
HAMILTON ISLAND,2016,3,22312,20772,43084,0,0,0,22312,20772,43084
HAMILTON ISLAND,2016,4,21842,22714,44556,0,0,0,21842,22714,44556
HAMILTON ISLAND,2016,5,18880,20006,38886,0,0,0,18880,20006,38886
HAMILTON ISLAND,2016,6,19262,17017,36279,0,0,0,19262,17017,36279
HAMILTON ISLAND,2016,7,23290,24686,47976,0,0,0,23290,24686,47976
HAMILTON ISLAND,2016,8,22826,23024,45850,0,0,0,22826,23024,45850
HAMILTON ISLAND,2016,9,26244,24538,50782,0,0,0,26244,24538,50782
HAMILTON ISLAND,2016,10,25971,27069,53040,0,0,0,25971,27069,53040
HAMILTON ISLAND,2016,11,24398,25255,49653,0,0,0,24398,25255,49653
HAMILTON ISLAND,2016,12,26315,24479,50794,0,0,0,26315,24479,50794
HAMILTON ISLAND,2017,1,26590,29087,55677,0,0,0,26590,29087,55677
HAMILTON ISLAND,2017,2,19690,20718,40408,0,0,0,19690,20718,40408
HAMILTON ISLAND,2017,3,17665,18510,36175,0,0,0,17665,18510,36175
HAMILTON ISLAND,2017,4,8954,7837,16791,0,0,0,8954,7837,16791
HAMILTON ISLAND,2017,5,12495,12799,25294,0,0,0,12495,12799,25294
HAMILTON ISLAND,2017,6,12601,11540,24141,0,0,0,12601,11540,24141
HAMILTON ISLAND,2017,7,17069,17966,35035,0,0,0,17069,17966,35035
HAMILTON ISLAND,2017,8,17459,17375,34834,0,0,0,17459,17375,34834
HAMILTON ISLAND,2017,9,19922,18540,38462,0,0,0,19922,18540,38462
HAMILTON ISLAND,2017,10,19266,20888,40154,0,0,0,19266,20888,40154
HAMILTON ISLAND,2017,11,18585,18765,37350,0,0,0,18585,18765,37350
HAMILTON ISLAND,2017,12,20167,19063,39230,0,0,0,20167,19063,39230
HAMILTON ISLAND,2018,1,18523,20414,38937,0,0,0,18523,20414,38937
HAMILTON ISLAND,2018,2,16593,16666,33259,0,0,0,16593,16666,33259
HAMILTON ISLAND,2018,3,16672,15753,32425,0,0,0,16672,15753,32425
HAMILTON ISLAND,2018,4,15867,16890,32757,0,0,0,15867,16890,32757
HAMILTON ISLAND,2018,5,13253,13723,26976,0,0,0,13253,13723,26976
HAMILTON ISLAND,2018,6,13797,13148,26945,0,0,0,13797,13148,26945
HAMILTON ISLAND,2018,7,18537,19562,38099,0,0,0,18537,19562,38099
HAMILTON ISLAND,2018,8,18498,18441,36939,0,0,0,18498,18441,36939
HAMILTON ISLAND,2018,9,20506,19290,39796,0,0,0,20506,19290,39796
HAMILTON ISLAND,2018,10,20146,21935,42081,0,0,0,20146,21935,42081
HAMILTON ISLAND,2018,11,19180,19367,38547,0,0,0,19180,19367,38547
HAMILTON ISLAND,2018,12,20924,19699,40623,0,0,0,20924,19699,40623
HAMILTON ISLAND,2019,1,18734,21179,39913,0,0,0,18734,21179,39913
HAMILTON ISLAND,2019,2,15354,15844,31198,0,0,0,15354,15844,31198
HAMILTON ISLAND,2019,3,15182,15103,30285,0,0,0,15182,15103,30285
HAMILTON ISLAND,2019,4,18466,18217,36683,0,0,0,18466,18217,36683
HAMILTON ISLAND,2019,5,13986,14324,28310,0,0,0,13986,14324,28310
HAMILTON ISLAND,2019,6,14973,13789,28762,0,0,0,14973,13789,28762
HAMILTON ISLAND,2019,7,19871,20944,40815,0,0,0,19871,20944,40815
HAMILTON ISLAND,2019,8,19838,19645,39483,0,0,0,19838,19645,39483
HAMILTON ISLAND,2019,9,22853,21528,44381,0,0,0,22853,21528,44381
HAMILTON ISLAND,2019,10,22524,24536,47060,0,0,0,22524,24536,47060
HAMILTON ISLAND,2019,11,20579,20977,41556,0,0,0,20579,20977,41556
HAMILTON ISLAND,2019,12,23078,21022,44100,0,0,0,23078,21022,44100
HAMILTON ISLAND,2020,1,22712,25497,48209,0,0,0,22712,25497,48209
HAMILTON ISLAND,2020,2,14231,14505,28736,0,0,0,14231,14505,28736
HAMILTON ISLAND,2020,3,10071,12473,22544,0,0,0,10071,12473,22544
HAMILTON ISLAND,2020,4,0,0,0,0,0,0,0,0,0
HAMILTON ISLAND,2020,5,0,0,0,0,0,0,0,0,0
HAMILTON ISLAND,2020,6,0,0,0,0,0,0,0,0,0
HAMILTON ISLAND,2020,7,254,103,357,0,0,0,254,103,357
HAMILTON ISLAND,2020,8,4259,3940,8199,0,0,0,4259,3940,8199
HAMILTON ISLAND,2020,9,8241,7285,15526,0,0,0,8241,7285,15526
HAMILTON ISLAND,2020,10,8730,9254,17984,0,0,0,8730,9254,17984
HAMILTON ISLAND,2020,11,9643,9220,18863,0,0,0,9643,9220,18863
HAMILTON ISLAND,2020,12,14690,13664,28354,0,0,0,14690,13664,28354
HAMILTON ISLAND,2021,1,10317,12310,22627,0,0,0,10317,12310,22627
HAMILTON ISLAND,2021,2,11631,10806,22437,0,0,0,11631,10806,22437
HAMILTON ISLAND,2021,3,18225,17235,35460,0,0,0,18225,17235,35460
HAMILTON ISLAND,2021,4,20772,20463,41235,0,0,0,20772,20463,41235
HAMILTON ISLAND,2021,5,19954,21048,41002,0,0,0,19954,21048,41002
HAMILTON ISLAND,2021,6,17249,16271,33520,0,0,0,17249,16271,33520
HAMILTON ISLAND,2021,7,10794,13887,24681,0,0,0,10794,13887,24681
HAMILTON ISLAND,2021,8,4340,4691,9031,0,0,0,4340,4691,9031
HAMILTON ISLAND,2021,9,10406,9404,19810,0,0,0,10406,9404,19810
HAMILTON ISLAND,2021,10,11625,12654,24279,0,0,0,11625,12654,24279
HAMILTON ISLAND,2021,11,10789,10601,21390,0,0,0,10789,10601,21390
HAMILTON ISLAND,2021,12,17026,14663,31689,0,0,0,17026,14663,31689
HAMILTON ISLAND,2022,1,14446,16313,30759,0,0,0,14446,16313,30759
HAMILTON ISLAND,2022,2,16502,16129,32631,0,0,0,16502,16129,32631
HAMILTON ISLAND,2022,3,19756,19377,39133,0,0,0,19756,19377,39133
HAMILTON ISLAND,2022,4,22722,22756,45478,0,0,0,22722,22756,45478
HAMILTON ISLAND,2022,5,20748,21417,42165,0,0,0,20748,21417,42165
HAMILTON ISLAND,2022,6,21297,19433,40730,0,0,0,21297,19433,40730
HAMILTON ISLAND,2022,7,22580,24049,46629,0,0,0,22580,24049,46629
HAMILTON ISLAND,2022,8,19831,20154,39985,0,0,0,19831,20154,39985
HAMILTON ISLAND,2022,9,23457,21920,45377,0,0,0,23457,21920,45377
HAMILTON ISLAND,2022,10,23848,25602,49450,0,0,0,23848,25602,49450
HAMILTON ISLAND,2022,11,21402,22093,43495,0,0,0,21402,22093,43495
HAMILTON ISLAND,2022,12,22644,21576,44220,0,0,0,22644,21576,44220
HAMILTON ISLAND,2023,1,22244,25226,47470,0,0,0,22244,25226,47470
HAMILTON ISLAND,2023,2,15672,16084,31756,0,0,0,15672,16084,31756
HAMILTON ISLAND,2023,3,19639,19003,38642,0,0,0,19639,19003,38642
HAMILTON ISLAND,2023,4,21237,21644,42881,0,0,0,21237,21644,42881
HAMILTON ISLAND,2023,5,16799,17715,34514,0,0,0,16799,17715,34514
HAMILTON ISLAND,2023,6,18886,16883,35769,0,0,0,18886,16883,35769
HAMILTON ISLAND,2023,7,20977,22514,43491,0,0,0,20977,22514,43491
HAMILTON ISLAND,2023,8,20181,20074,40255,0,0,0,20181,20074,40255
HAMILTON ISLAND,2023,9,24692,23278,47970,0,0,0,24692,23278,47970
HAMILTON ISLAND,2023,10,22003,24027,46030,0,0,0,22003,24027,46030
HAMILTON ISLAND,2023,11,21715,21567,43282,0,0,0,21715,21567,43282
HAMILTON ISLAND,2023,12,23138,21393,44531,0,0,0,23138,21393,44531
HAMILTON ISLAND,2024,1,19849,22780,42629,0,0,0,19849,22780,42629
HAMILTON ISLAND,2024,2,17969,17826,35795,0,0,0,17969,17826,35795
HAMILTON ISLAND,2024,3,20464,18447,38911,0,0,0,20464,18447,38911
HAMILTON ISLAND,2024,4,18993,20979,39972,0,0,0,18993,20979,39972
HAMILTON ISLAND,2024,5,16164,16613,32777,0,0,0,16164,16613,32777
HAMILTON ISLAND,2024,6,17731,16366,34097,0,0,0,17731,16366,34097
HOBART,2009,1,88551,96258,184809,0,0,0,88551,96258,184809
HOBART,2009,2,80226,77967,158193,0,0,0,80226,77967,158193
HOBART,2009,3,85655,88241,173896,0,0,0,85655,88241,173896
HOBART,2009,4,80504,81802,162306,0,0,0,80504,81802,162306
HOBART,2009,5,71580,76766,148346,0,0,0,71580,76766,148346
HOBART,2009,6,67913,64387,132300,0,0,0,67913,64387,132300
HOBART,2009,7,69369,70328,139697,0,0,0,69369,70328,139697
HOBART,2009,8,72844,73169,146013,0,0,0,72844,73169,146013
HOBART,2009,9,77671,73040,150711,0,0,0,77671,73040,150711
HOBART,2009,10,79255,78683,157938,0,0,0,79255,78683,157938
HOBART,2009,11,78141,78185,156326,0,0,0,78141,78185,156326
HOBART,2009,12,85143,78781,163924,0,0,0,85143,78781,163924
HOBART,2010,1,82337,89740,172077,0,0,0,82337,89740,172077
HOBART,2010,2,80480,77113,157593,0,0,0,80480,77113,157593
HOBART,2010,3,83340,84388,167728,0,0,0,83340,84388,167728
HOBART,2010,4,77541,81585,159126,0,0,0,77541,81585,159126
HOBART,2010,5,70607,76458,147065,0,0,0,70607,76458,147065
HOBART,2010,6,70837,66836,137673,0,0,0,70837,66836,137673
HOBART,2010,7,70896,73702,144598,0,0,0,70896,73702,144598
HOBART,2010,8,71393,72567,143960,0,0,0,71393,72567,143960
HOBART,2010,9,79678,71781,151459,0,0,0,79678,71781,151459
HOBART,2010,10,78044,78129,156173,0,0,0,78044,78129,156173
HOBART,2010,11,80259,81028,161287,0,0,0,80259,81028,161287
HOBART,2010,12,97986,85367,183353,0,0,0,97986,85367,183353
HOBART,2011,1,92675,106709,199384,0,0,0,92675,106709,199384
HOBART,2011,2,83321,79592,162913,0,0,0,83321,79592,162913
HOBART,2011,3,87289,90641,177930,0,0,0,87289,90641,177930
HOBART,2011,4,76354,80101,156455,0,0,0,76354,80101,156455
HOBART,2011,5,69370,76509,145879,0,0,0,69370,76509,145879
HOBART,2011,6,60645,59129,119774,0,0,0,60645,59129,119774
HOBART,2011,7,67266,68520,135786,0,0,0,67266,68520,135786
HOBART,2011,8,66258,68792,135050,0,0,0,66258,68792,135050
HOBART,2011,9,74384,66544,140928,0,0,0,74384,66544,140928
HOBART,2011,10,74678,75770,150448,0,0,0,74678,75770,150448
HOBART,2011,11,76263,76813,153076,0,0,0,76263,76813,153076
HOBART,2011,12,89010,78048,167058,0,0,0,89010,78048,167058
HOBART,2012,1,84357,97944,182301,0,0,0,84357,97944,182301
HOBART,2012,2,78675,76620,155295,0,0,0,78675,76620,155295
HOBART,2012,3,81410,84749,166159,0,0,0,81410,84749,166159
HOBART,2012,4,75329,78629,153958,0,0,0,75329,78629,153958
HOBART,2012,5,66036,73834,139870,0,0,0,66036,73834,139870
HOBART,2012,6,69742,64966,134708,0,0,0,69742,64966,134708
HOBART,2012,7,69699,70926,140625,0,0,0,69699,70926,140625
HOBART,2012,8,69350,70866,140216,0,0,0,69350,70866,140216
HOBART,2012,9,82379,73729,156108,0,0,0,82379,73729,156108
HOBART,2012,10,81473,84636,166109,0,0,0,81473,84636,166109
HOBART,2012,11,91650,90863,182513,0,0,0,91650,90863,182513
HOBART,2012,12,108100,93064,201164,0,0,0,108100,93064,201164
HOBART,2013,1,95467,112438,207905,0,0,0,95467,112438,207905
HOBART,2013,2,84575,84478,169053,0,0,0,84575,84478,169053
HOBART,2013,3,96515,95278,191793,0,0,0,96515,95278,191793
HOBART,2013,4,83602,94754,178356,0,0,0,83602,94754,178356
HOBART,2013,5,74986,75030,150016,0,0,0,74986,75030,150016
HOBART,2013,6,71412,71281,142693,0,0,0,71412,71281,142693
HOBART,2013,7,81088,83784,164872,0,0,0,81088,83784,164872
HOBART,2013,8,79622,80027,159649,0,0,0,79622,80027,159649
HOBART,2013,9,81809,78832,160641,0,0,0,81809,78832,160641
HOBART,2013,10,91869,89038,180907,0,0,0,91869,89038,180907
HOBART,2013,11,91192,90315,181507,0,0,0,91192,90315,181507
HOBART,2013,12,108502,95812,204314,0,0,0,108502,95812,204314
HOBART,2014,1,99727,112709,212436,0,0,0,99727,112709,212436
HOBART,2014,2,85952,85280,171232,0,0,0,85952,85280,171232
HOBART,2014,3,94087,98207,192294,0,0,0,94087,98207,192294
HOBART,2014,4,84171,90769,174940,0,0,0,84171,90769,174940
HOBART,2014,5,76390,76964,153354,0,0,0,76390,76964,153354
HOBART,2014,6,75294,75202,150496,0,0,0,75294,75202,150496
HOBART,2014,7,82618,85222,167840,0,0,0,82618,85222,167840
HOBART,2014,8,78837,79802,158639,0,0,0,78837,79802,158639
HOBART,2014,9,81768,78408,160176,0,0,0,81768,78408,160176
HOBART,2014,10,95303,91155,186458,0,0,0,95303,91155,186458
HOBART,2014,11,94398,94140,188538,0,0,0,94398,94140,188538
HOBART,2014,12,112735,98843,211578,0,0,0,112735,98843,211578
HOBART,2015,1,105456,120299,225755,0,0,0,105456,120299,225755
HOBART,2015,2,94081,91925,186006,0,0,0,94081,91925,186006
HOBART,2015,3,97209,101984,199193,0,0,0,97209,101984,199193
HOBART,2015,4,89654,94013,183667,0,0,0,89654,94013,183667
HOBART,2015,5,79587,82903,162490,0,0,0,79587,82903,162490
HOBART,2015,6,78217,77801,156018,0,0,0,78217,77801,156018
HOBART,2015,7,84845,88470,173315,0,0,0,84845,88470,173315
HOBART,2015,8,80594,80957,161551,0,0,0,80594,80957,161551
HOBART,2015,9,86809,83347,170156,0,0,0,86809,83347,170156
HOBART,2015,10,99361,94374,193735,0,0,0,99361,94374,193735
HOBART,2015,11,99925,99671,199596,0,0,0,99925,99671,199596
HOBART,2015,12,119726,107224,226950,0,0,0,119726,107224,226950
HOBART,2016,1,108012,124464,232476,0,0,0,108012,124464,232476
HOBART,2016,2,97978,97936,195914,0,0,0,97978,97936,195914
HOBART,2016,3,104741,107306,212047,0,0,0,104741,107306,212047
HOBART,2016,4,94140,102924,197064,0,0,0,94140,102924,197064
HOBART,2016,5,86020,90531,176551,0,0,0,86020,90531,176551
HOBART,2016,6,86667,86917,173584,0,0,0,86667,86917,173584
HOBART,2016,7,90828,92811,183639,0,0,0,90828,92811,183639
HOBART,2016,8,83265,85213,168478,0,0,0,83265,85213,168478
HOBART,2016,9,94732,90362,185094,0,0,0,94732,90362,185094
HOBART,2016,10,104258,101159,205417,0,0,0,104258,101159,205417
HOBART,2016,11,103495,103545,207040,0,0,0,103495,103545,207040
HOBART,2016,12,127433,113400,240833,0,0,0,127433,113400,240833
HOBART,2017,1,118191,132076,250267,0,0,0,118191,132076,250267
HOBART,2017,2,103325,102059,205384,0,0,0,103325,102059,205384
HOBART,2017,3,107501,111737,219238,0,0,0,107501,111737,219238
HOBART,2017,4,104746,109772,214518,0,0,0,104746,109772,214518
HOBART,2017,5,88382,92193,180575,0,0,0,88382,92193,180575
HOBART,2017,6,90673,89636,180309,0,0,0,90673,89636,180309
HOBART,2017,7,99196,102431,201627,0,0,0,99196,102431,201627
HOBART,2017,8,87387,87859,175246,0,0,0,87387,87859,175246
HOBART,2017,9,97992,91468,189460,0,0,0,97992,91468,189460
HOBART,2017,10,108902,108200,217102,0,0,0,108902,108200,217102
HOBART,2017,11,110717,110395,221112,0,0,0,110717,110395,221112
HOBART,2017,12,135137,120368,255505,0,0,0,135137,120368,255505
HOBART,2018,1,125218,141366,266584,0,0,0,125218,141366,266584
HOBART,2018,2,113258,109757,223015,0,0,0,113258,109757,223015
HOBART,2018,3,123639,124859,248498,0,0,0,123639,124859,248498
HOBART,2018,4,111145,118749,229894,0,0,0,111145,118749,229894
HOBART,2018,5,90232,93341,183573,0,0,0,90232,93341,183573
HOBART,2018,6,91837,92643,184480,0,0,0,91837,92643,184480
HOBART,2018,7,106020,106872,212892,0,0,0,106020,106872,212892
HOBART,2018,8,94063,94842,188905,0,0,0,94063,94842,188905
HOBART,2018,9,101772,96920,198692,0,0,0,101772,96920,198692
HOBART,2018,10,118753,117015,235768,0,0,0,118753,117015,235768
HOBART,2018,11,119996,117668,237664,0,0,0,119996,117668,237664
HOBART,2018,12,141828,124835,266663,0,0,0,141828,124835,266663
HOBART,2019,1,130366,147840,278206,0,0,0,130366,147840,278206
HOBART,2019,2,118030,113881,231911,0,0,0,118030,113881,231911
HOBART,2019,3,120100,123918,244018,0,0,0,120100,123918,244018
HOBART,2019,4,114959,119517,234476,0,0,0,114959,119517,234476
HOBART,2019,5,95801,98915,194716,0,0,0,95801,98915,194716
HOBART,2019,6,100817,100831,201648,0,0,0,100817,100831,201648
HOBART,2019,7,109278,111707,220985,0,0,0,109278,111707,220985
HOBART,2019,8,101185,101926,203111,0,0,0,101185,101926,203111
HOBART,2019,9,108777,103743,212520,0,0,0,108777,103743,212520
HOBART,2019,10,121894,119785,241679,0,0,0,121894,119785,241679
HOBART,2019,11,123885,123263,247148,0,0,0,123885,123263,247148
HOBART,2019,12,144019,127302,271321,0,0,0,144019,127302,271321
HOBART,2020,1,135552,149565,285117,0,0,0,135552,149565,285117
HOBART,2020,2,115076,113163,228239,0,0,0,115076,113163,228239
HOBART,2020,3,72088,80867,152955,0,0,0,72088,80867,152955
HOBART,2020,4,780,1341,2121,0,0,0,780,1341,2121
HOBART,2020,5,1263,2003,3266,0,0,0,1263,2003,3266
HOBART,2020,6,2302,3099,5401,0,0,0,2302,3099,5401
HOBART,2020,7,2840,3618,6458,0,0,0,2840,3618,6458
HOBART,2020,8,2400,3050,5450,0,0,0,2400,3050,5450
HOBART,2020,9,2423,2660,5083,0,0,0,2423,2660,5083
HOBART,2020,10,4246,4699,8945,0,0,0,4246,4699,8945
HOBART,2020,11,23926,21419,45345,0,0,0,23926,21419,45345
HOBART,2020,12,72103,59180,131283,0,0,0,72103,59180,131283
HOBART,2021,1,59922,70307,130229,0,0,0,59922,70307,130229
HOBART,2021,2,50326,48098,98424,0,0,0,50326,48098,98424
HOBART,2021,3,76227,77215,153442,0,0,0,76227,77215,153442
HOBART,2021,4,93921,96316,190237,137,183,320,94058,96499,190557
HOBART,2021,5,74074,79535,153609,488,562,1050,74562,80097,154659
HOBART,2021,6,56217,52554,108771,689,702,1391,56906,53256,110162
HOBART,2021,7,38053,44465,82518,833,886,1719,38886,45351,84237
HOBART,2021,8,17404,18076,35480,0,0,0,17404,18076,35480
HOBART,2021,9,25466,24138,49604,0,0,0,25466,24138,49604
HOBART,2021,10,27175,26525,53700,0,0,0,27175,26525,53700
HOBART,2021,11,32624,32982,65606,0,0,0,32624,32982,65606
HOBART,2021,12,78179,61490,139669,0,0,0,78179,61490,139669
HOBART,2022,1,70894,85446,156340,0,0,0,70894,85446,156340
HOBART,2022,2,66138,64432,130570,0,0,0,66138,64432,130570
HOBART,2022,3,86896,89061,175957,0,0,0,86896,89061,175957
HOBART,2022,4,113765,118659,232424,0,0,0,113765,118659,232424
HOBART,2022,5,93746,96842,190588,0,0,0,93746,96842,190588
HOBART,2022,6,97517,93865,191382,0,0,0,97517,93865,191382
HOBART,2022,7,97861,105202,203063,753,716,1469,98614,105918,204532
HOBART,2022,8,85422,84173,169595,547,565,1112,85969,84738,170707
HOBART,2022,9,95823,90097,185920,947,904,1851,96770,91001,187771
HOBART,2022,10,103985,102869,206854,1508,1468,2976,105493,104337,209830
HOBART,2022,11,106859,106469,213328,1778,1801,3579,108637,108270,216907
HOBART,2022,12,123479,109511,232990,1730,1810,3540,125209,111321,236530
HOBART,2023,1,117108,131344,248452,2065,1997,4062,119173,133341,252514
HOBART,2023,2,106003,103872,209875,1576,1483,3059,107579,105355,212934
HOBART,2023,3,114440,117129,231569,1813,1830,3643,116253,118959,235212
HOBART,2023,4,105358,110247,215605,1788,1848,3636,107146,112095,219241
HOBART,2023,5,92852,97147,189999,905,965,1870,93757,98112,191869
HOBART,2023,6,98820,93843,192663,812,847,1659,99632,94690,194322
HOBART,2023,7,95521,102655,198176,808,873,1681,96329,103528,199857
HOBART,2023,8,92652,91560,184212,722,691,1413,93374,92251,185625
HOBART,2023,9,101661,96216,197877,907,889,1796,102568,97105,199673
HOBART,2023,10,112922,111912,224834,1328,1307,2635,114250,113219,227469
HOBART,2023,11,113296,111212,224508,1884,1970,3854,115180,113182,228362
HOBART,2023,12,139047,122697,261744,1297,1310,2607,140344,124007,264351
HOBART,2024,1,131225,145439,276664,1529,1606,3135,132754,147045,279799
HOBART,2024,2,117233,114579,231812,1944,1970,3914,119177,116549,235726
HOBART,2024,3,122225,121583,243808,1992,2175,4167,124217,123758,247975
HOBART,2024,4,110250,118400,228650,275,281,556,110525,118681,229206
HOBART,2024,5,93974,97700,191674,0,0,0,93974,97700,191674
HOBART,2024,6,95277,92438,187715,0,0,0,95277,92438,187715
KARRATHA,2009,1,19832,15380,35212,0,0,0,19832,15380,35212
KARRATHA,2009,2,18104,18605,36709,0,0,0,18104,18605,36709
KARRATHA,2009,3,21324,19676,41000,0,0,0,21324,19676,41000
KARRATHA,2009,4,21474,21891,43365,0,0,0,21474,21891,43365
KARRATHA,2009,5,21794,22334,44128,0,0,0,21794,22334,44128
KARRATHA,2009,6,22665,22113,44778,0,0,0,22665,22113,44778
KARRATHA,2009,7,23748,24514,48262,0,0,0,23748,24514,48262
KARRATHA,2009,8,23605,23680,47285,0,0,0,23605,23680,47285
KARRATHA,2009,9,25126,25334,50460,0,0,0,25126,25334,50460
KARRATHA,2009,10,25428,26222,51650,0,0,0,25428,26222,51650
KARRATHA,2009,11,25346,24944,50290,0,0,0,25346,24944,50290
KARRATHA,2009,12,19846,26184,46030,0,0,0,19846,26184,46030
KARRATHA,2010,1,24349,19774,44123,0,0,0,24349,19774,44123
KARRATHA,2010,2,22216,22442,44658,0,0,0,22216,22442,44658
KARRATHA,2010,3,26812,26767,53579,0,0,0,26812,26767,53579
KARRATHA,2010,4,24569,24978,49547,0,0,0,24569,24978,49547
KARRATHA,2010,5,25101,25006,50107,0,0,0,25101,25006,50107
KARRATHA,2010,6,25089,26131,51220,0,0,0,25089,26131,51220
KARRATHA,2010,7,27369,28283,55652,0,0,0,27369,28283,55652
KARRATHA,2010,8,26944,27139,54083,0,0,0,26944,27139,54083
KARRATHA,2010,9,27025,28665,55690,0,0,0,27025,28665,55690
KARRATHA,2010,10,29327,29400,58727,0,0,0,29327,29400,58727
KARRATHA,2010,11,29171,28616,57787,0,0,0,29171,28616,57787
KARRATHA,2010,12,22220,31415,53635,0,0,0,22220,31415,53635
KARRATHA,2011,1,29255,21348,50603,0,0,0,29255,21348,50603
KARRATHA,2011,2,25213,24858,50071,0,0,0,25213,24858,50071
KARRATHA,2011,3,31078,29797,60875,0,0,0,31078,29797,60875
KARRATHA,2011,4,27897,29468,57365,0,0,0,27897,29468,57365
KARRATHA,2011,5,31295,30395,61690,0,0,0,31295,30395,61690
KARRATHA,2011,6,29391,29639,59030,0,0,0,29391,29639,59030
KARRATHA,2011,7,33496,34124,67620,0,0,0,33496,34124,67620
KARRATHA,2011,8,34720,34325,69045,0,0,0,34720,34325,69045
KARRATHA,2011,9,32822,34030,66852,0,0,0,32822,34030,66852
KARRATHA,2011,10,32702,32386,65088,0,0,0,32702,32386,65088
KARRATHA,2011,11,36031,34173,70204,0,0,0,36031,34173,70204
KARRATHA,2011,12,25815,36053,61868,0,0,0,25815,36053,61868
KARRATHA,2012,1,35138,26597,61735,0,0,0,35138,26597,61735
KARRATHA,2012,2,32776,31847,64623,0,0,0,32776,31847,64623
KARRATHA,2012,3,33169,34540,67709,0,0,0,33169,34540,67709
KARRATHA,2012,4,32696,32413,65109,0,0,0,32696,32413,65109
KARRATHA,2012,5,35798,35628,71426,0,0,0,35798,35628,71426
KARRATHA,2012,6,33144,33878,67022,0,0,0,33144,33878,67022
KARRATHA,2012,7,36532,35987,72519,0,0,0,36532,35987,72519
KARRATHA,2012,8,35698,37034,72732,0,0,0,35698,37034,72732
KARRATHA,2012,9,33535,34048,67583,0,0,0,33535,34048,67583
KARRATHA,2012,10,38291,37031,75322,0,0,0,38291,37031,75322
KARRATHA,2012,11,35586,35948,71534,0,0,0,35586,35948,71534
KARRATHA,2012,12,26940,34161,61101,0,0,0,26940,34161,61101
KARRATHA,2013,1,36313,28259,64572,0,0,0,36313,28259,64572
KARRATHA,2013,2,28156,28674,56830,0,0,0,28156,28674,56830
KARRATHA,2013,3,34364,33386,67750,0,0,0,34364,33386,67750
KARRATHA,2013,4,35446,34139,69585,0,0,0,35446,34139,69585
KARRATHA,2013,5,35926,36065,71991,0,0,0,35926,36065,71991
KARRATHA,2013,6,30804,33201,64005,0,0,0,30804,33201,64005
KARRATHA,2013,7,35629,34747,70376,0,0,0,35629,34747,70376
KARRATHA,2013,8,30780,32734,63514,0,0,0,30780,32734,63514
KARRATHA,2013,9,29965,30836,60801,0,0,0,29965,30836,60801
KARRATHA,2013,10,33486,32649,66135,0,0,0,33486,32649,66135
KARRATHA,2013,11,29816,30343,60159,0,0,0,29816,30343,60159
KARRATHA,2013,12,23416,31481,54897,0,0,0,23416,31481,54897
KARRATHA,2014,1,32683,25686,58369,0,0,0,32683,25686,58369
KARRATHA,2014,2,27868,27687,55555,0,0,0,27868,27687,55555
KARRATHA,2014,3,29871,29163,59034,0,0,0,29871,29163,59034
KARRATHA,2014,4,30455,29751,60206,0,0,0,30455,29751,60206
KARRATHA,2014,5,30029,31630,61659,0,0,0,30029,31630,61659
KARRATHA,2014,6,28853,28240,57093,0,0,0,28853,28240,57093
KARRATHA,2014,7,31443,31190,62633,0,0,0,31443,31190,62633
KARRATHA,2014,8,29933,30828,60761,0,0,0,29933,30828,60761
KARRATHA,2014,9,29929,30501,60430,0,0,0,29929,30501,60430
KARRATHA,2014,10,32016,32760,64776,0,0,0,32016,32760,64776
KARRATHA,2014,11,28528,28860,57388,0,0,0,28528,28860,57388
KARRATHA,2014,12,22578,29886,52464,0,0,0,22578,29886,52464
KARRATHA,2015,1,27371,21795,49166,0,0,0,27371,21795,49166
KARRATHA,2015,2,23907,24807,48714,0,0,0,23907,24807,48714
KARRATHA,2015,3,25836,25992,51828,0,0,0,25836,25992,51828
KARRATHA,2015,4,26116,26467,52583,0,0,0,26116,26467,52583
KARRATHA,2015,5,25042,25160,50202,0,0,0,25042,25160,50202
KARRATHA,2015,6,24647,25348,49995,0,0,0,24647,25348,49995
KARRATHA,2015,7,27639,27574,55213,0,0,0,27639,27574,55213
KARRATHA,2015,8,25386,24763,50149,0,0,0,25386,24763,50149
KARRATHA,2015,9,25376,26444,51820,0,0,0,25376,26444,51820
KARRATHA,2015,10,26024,25986,52010,0,0,0,26024,25986,52010
KARRATHA,2015,11,25465,24652,50117,0,0,0,25465,24652,50117
KARRATHA,2015,12,20550,25239,45789,0,0,0,20550,25239,45789
KARRATHA,2016,1,21683,18456,40139,0,0,0,21683,18456,40139
KARRATHA,2016,2,20037,19143,39180,0,0,0,20037,19143,39180
KARRATHA,2016,3,21020,21745,42765,0,0,0,21020,21745,42765
KARRATHA,2016,4,20794,21126,41920,0,0,0,20794,21126,41920
KARRATHA,2016,5,23696,22587,46283,0,0,0,23696,22587,46283
KARRATHA,2016,6,20235,21159,41394,0,0,0,20235,21159,41394
KARRATHA,2016,7,20847,20392,41239,0,0,0,20847,20392,41239
KARRATHA,2016,8,21137,20783,41920,0,0,0,21137,20783,41920
KARRATHA,2016,9,20716,20875,41591,0,0,0,20716,20875,41591
KARRATHA,2016,10,21361,19801,41162,0,0,0,21361,19801,41162
KARRATHA,2016,11,21485,20519,42004,0,0,0,21485,20519,42004
KARRATHA,2016,12,15435,19862,35297,0,0,0,15435,19862,35297
KARRATHA,2017,1,19267,15565,34832,0,0,0,19267,15565,34832
KARRATHA,2017,2,16771,16556,33327,0,0,0,16771,16556,33327
KARRATHA,2017,3,19207,19750,38957,0,0,0,19207,19750,38957
KARRATHA,2017,4,17755,17832,35587,0,0,0,17755,17832,35587
KARRATHA,2017,5,20502,19185,39687,0,0,0,20502,19185,39687
KARRATHA,2017,6,19009,19354,38363,0,0,0,19009,19354,38363
KARRATHA,2017,7,18287,18243,36530,0,0,0,18287,18243,36530
KARRATHA,2017,8,18683,18913,37596,0,0,0,18683,18913,37596
KARRATHA,2017,9,17037,18248,35285,0,0,0,17037,18248,35285
KARRATHA,2017,10,19576,18571,38147,0,0,0,19576,18571,38147
KARRATHA,2017,11,18517,19014,37531,0,0,0,18517,19014,37531
KARRATHA,2017,12,14755,18450,33205,0,0,0,14755,18450,33205
KARRATHA,2018,1,18381,15119,33500,0,0,0,18381,15119,33500
KARRATHA,2018,2,16207,16221,32428,0,0,0,16207,16221,32428
KARRATHA,2018,3,17697,18856,36553,0,0,0,17697,18856,36553
KARRATHA,2018,4,18165,17789,35954,0,0,0,18165,17789,35954
KARRATHA,2018,5,19779,19469,39248,0,0,0,19779,19469,39248
KARRATHA,2018,6,18066,18853,36919,0,0,0,18066,18853,36919
KARRATHA,2018,7,20535,19601,40136,0,0,0,20535,19601,40136
KARRATHA,2018,8,19304,20876,40180,0,0,0,19304,20876,40180
KARRATHA,2018,9,17771,18959,36730,0,0,0,17771,18959,36730
KARRATHA,2018,10,20349,19233,39582,0,0,0,20349,19233,39582
KARRATHA,2018,11,18693,19284,37977,0,0,0,18693,19284,37977
KARRATHA,2018,12,14547,17695,32242,0,0,0,14547,17695,32242
KARRATHA,2019,1,19400,16331,35731,0,0,0,19400,16331,35731
KARRATHA,2019,2,16700,17111,33811,0,0,0,16700,17111,33811
KARRATHA,2019,3,17479,17698,35177,0,0,0,17479,17698,35177
KARRATHA,2019,4,20502,19057,39559,0,0,0,20502,19057,39559
KARRATHA,2019,5,19119,20624,39743,0,0,0,19119,20624,39743
KARRATHA,2019,6,18533,18505,37038,0,0,0,18533,18505,37038
KARRATHA,2019,7,21722,20762,42484,0,0,0,21722,20762,42484
KARRATHA,2019,8,19737,21258,40995,0,0,0,19737,21258,40995
KARRATHA,2019,9,20725,21035,41760,0,0,0,20725,21035,41760
KARRATHA,2019,10,21900,21470,43370,0,0,0,21900,21470,43370
KARRATHA,2019,11,20063,20591,40654,0,0,0,20063,20591,40654
KARRATHA,2019,12,16792,20784,37576,0,0,0,16792,20784,37576
KARRATHA,2020,1,21219,17595,38814,0,0,0,21219,17595,38814
KARRATHA,2020,2,17774,17772,35546,0,0,0,17774,17772,35546
KARRATHA,2020,3,13511,14175,27686,0,0,0,13511,14175,27686
KARRATHA,2020,4,1530,1737,3267,0,0,0,1530,1737,3267
KARRATHA,2020,5,1356,1295,2651,0,0,0,1356,1295,2651
KARRATHA,2020,6,3414,3651,7065,0,0,0,3414,3651,7065
KARRATHA,2020,7,7827,8130,15957,0,0,0,7827,8130,15957
KARRATHA,2020,8,10688,9863,20551,0,0,0,10688,9863,20551
KARRATHA,2020,9,14534,15897,30431,0,0,0,14534,15897,30431
KARRATHA,2020,10,15131,16649,31780,0,0,0,15131,16649,31780
KARRATHA,2020,11,15377,14915,30292,0,0,0,15377,14915,30292
KARRATHA,2020,12,12869,16262,29131,0,0,0,12869,16262,29131
KARRATHA,2021,1,14342,12861,27203,0,0,0,14342,12861,27203
KARRATHA,2021,2,10817,10429,21246,0,0,0,10817,10429,21246
KARRATHA,2021,3,17276,17120,34396,0,0,0,17276,17120,34396
KARRATHA,2021,4,16465,16259,32724,0,0,0,16465,16259,32724
KARRATHA,2021,5,18338,17735,36073,0,0,0,18338,17735,36073
KARRATHA,2021,6,18619,18578,37197,0,0,0,18619,18578,37197
KARRATHA,2021,7,18163,19152,37315,0,0,0,18163,19152,37315
KARRATHA,2021,8,19918,19057,38975,0,0,0,19918,19057,38975
KARRATHA,2021,9,19629,21612,41241,0,0,0,19629,21612,41241
KARRATHA,2021,10,20141,20175,40316,0,0,0,20141,20175,40316
KARRATHA,2021,11,20455,20392,40847,0,0,0,20455,20392,40847
KARRATHA,2021,12,15836,19532,35368,0,0,0,15836,19532,35368
KARRATHA,2022,1,17716,14557,32273,0,0,0,17716,14557,32273
KARRATHA,2022,2,15234,15558,30792,0,0,0,15234,15558,30792
KARRATHA,2022,3,18011,18331,36342,0,0,0,18011,18331,36342
KARRATHA,2022,4,19106,18921,38027,0,0,0,19106,18921,38027
KARRATHA,2022,5,20102,20666,40768,0,0,0,20102,20666,40768
KARRATHA,2022,6,22178,22418,44596,0,0,0,22178,22418,44596
KARRATHA,2022,7,22417,22435,44852,0,0,0,22417,22435,44852
KARRATHA,2022,8,24231,24582,48813,0,0,0,24231,24582,48813
KARRATHA,2022,9,22097,23867,45964,0,0,0,22097,23867,45964
KARRATHA,2022,10,23665,22626,46291,0,0,0,23665,22626,46291
KARRATHA,2022,11,23203,23462,46665,0,0,0,23203,23462,46665
KARRATHA,2022,12,16595,22025,38620,0,0,0,16595,22025,38620
KARRATHA,2023,1,21993,17416,39409,0,0,0,21993,17416,39409
KARRATHA,2023,2,19746,19880,39626,0,0,0,19746,19880,39626
KARRATHA,2023,3,22296,23103,45399,0,0,0,22296,23103,45399
KARRATHA,2023,4,20923,20892,41815,0,0,0,20923,20892,41815
KARRATHA,2023,5,24409,23182,47591,0,0,0,24409,23182,47591
KARRATHA,2023,6,22882,23806,46688,0,0,0,22882,23806,46688
KARRATHA,2023,7,23656,23968,47624,0,0,0,23656,23968,47624
KARRATHA,2023,8,24946,25080,50026,0,0,0,24946,25080,50026
KARRATHA,2023,9,22499,24610,47109,0,0,0,22499,24610,47109
KARRATHA,2023,10,25498,24074,49572,0,0,0,25498,24074,49572
KARRATHA,2023,11,24535,25294,49829,0,0,0,24535,25294,49829
KARRATHA,2023,12,18700,23692,42392,0,0,0,18700,23692,42392
KARRATHA,2024,1,25231,20180,45411,0,0,0,25231,20180,45411
KARRATHA,2024,2,21322,22170,43492,0,0,0,21322,22170,43492
KARRATHA,2024,3,24072,24751,48823,0,0,0,24072,24751,48823
KARRATHA,2024,4,25844,23824,49668,0,0,0,25844,23824,49668
KARRATHA,2024,5,25793,27398,53191,0,0,0,25793,27398,53191
KARRATHA,2024,6,25398,25543,50941,0,0,0,25398,25543,50941
LAUNCESTON,2009,1,53276,56926,110202,0,0,0,53276,56926,110202
LAUNCESTON,2009,2,47357,45645,93002,0,0,0,47357,45645,93002
LAUNCESTON,2009,3,52117,53080,105197,0,0,0,52117,53080,105197
LAUNCESTON,2009,4,48103,49058,97161,0,0,0,48103,49058,97161
LAUNCESTON,2009,5,43724,46111,89835,0,0,0,43724,46111,89835
LAUNCESTON,2009,6,43558,41178,84736,0,0,0,43558,41178,84736
LAUNCESTON,2009,7,43009,45005,88014,0,0,0,43009,45005,88014
LAUNCESTON,2009,8,44205,44814,89019,0,0,0,44205,44814,89019
LAUNCESTON,2009,9,47148,44062,91210,0,0,0,47148,44062,91210
LAUNCESTON,2009,10,47088,47112,94200,0,0,0,47088,47112,94200
LAUNCESTON,2009,11,47334,47558,94892,0,0,0,47334,47558,94892
LAUNCESTON,2009,12,51720,47186,98906,0,0,0,51720,47186,98906
LAUNCESTON,2010,1,50233,55774,106007,0,0,0,50233,55774,106007
LAUNCESTON,2010,2,47867,46638,94505,0,0,0,47867,46638,94505
LAUNCESTON,2010,3,49830,50951,100781,0,0,0,49830,50951,100781
LAUNCESTON,2010,4,49145,50974,100119,0,0,0,49145,50974,100119
LAUNCESTON,2010,5,42635,45994,88629,0,0,0,42635,45994,88629
LAUNCESTON,2010,6,43695,41349,85044,0,0,0,43695,41349,85044
LAUNCESTON,2010,7,43396,45798,89194,0,0,0,43396,45798,89194
LAUNCESTON,2010,8,44292,44645,88937,0,0,0,44292,44645,88937
LAUNCESTON,2010,9,48145,43768,91913,0,0,0,48145,43768,91913
LAUNCESTON,2010,10,48334,49055,97389,0,0,0,48334,49055,97389
LAUNCESTON,2010,11,48816,48567,97383,0,0,0,48816,48567,97383
LAUNCESTON,2010,12,63578,54488,118066,0,0,0,63578,54488,118066
LAUNCESTON,2011,1,53384,62199,115583,0,0,0,53384,62199,115583
LAUNCESTON,2011,2,48468,46666,95134,0,0,0,48468,46666,95134
LAUNCESTON,2011,3,52074,54657,106731,0,0,0,52074,54657,106731
LAUNCESTON,2011,4,48024,48508,96532,0,0,0,48024,48508,96532
LAUNCESTON,2011,5,41123,44856,85979,0,0,0,41123,44856,85979
LAUNCESTON,2011,6,37192,36323,73515,0,0,0,37192,36323,73515
LAUNCESTON,2011,7,41920,42708,84628,0,0,0,41920,42708,84628
LAUNCESTON,2011,8,41809,43353,85162,0,0,0,41809,43353,85162
LAUNCESTON,2011,9,46117,40861,86978,0,0,0,46117,40861,86978
LAUNCESTON,2011,10,45806,45459,91265,0,0,0,45806,45459,91265
LAUNCESTON,2011,11,48217,48249,96466,0,0,0,48217,48249,96466
LAUNCESTON,2011,12,59112,48529,107641,0,0,0,59112,48529,107641
LAUNCESTON,2012,1,51723,62066,113789,0,0,0,51723,62066,113789
LAUNCESTON,2012,2,47758,45556,93314,0,0,0,47758,45556,93314
LAUNCESTON,2012,3,49930,51415,101345,0,0,0,49930,51415,101345
LAUNCESTON,2012,4,47943,49440,97383,0,0,0,47943,49440,97383
LAUNCESTON,2012,5,40869,46309,87178,0,0,0,40869,46309,87178
LAUNCESTON,2012,6,43447,41580,85027,0,0,0,43447,41580,85027
LAUNCESTON,2012,7,41448,42325,83773,0,0,0,41448,42325,83773
LAUNCESTON,2012,8,43558,44731,88289,0,0,0,43558,44731,88289
LAUNCESTON,2012,9,51735,45363,97098,0,0,0,51735,45363,97098
LAUNCESTON,2012,10,48500,50236,98736,0,0,0,48500,50236,98736
LAUNCESTON,2012,11,54220,53079,107299,0,0,0,54220,53079,107299
LAUNCESTON,2012,12,64723,54319,119042,0,0,0,64723,54319,119042
LAUNCESTON,2013,1,59195,68212,127407,0,0,0,59195,68212,127407
LAUNCESTON,2013,2,51614,49824,101438,0,0,0,51614,49824,101438
LAUNCESTON,2013,3,58097,57203,115300,0,0,0,58097,57203,115300
LAUNCESTON,2013,4,53606,58484,112090,0,0,0,53606,58484,112090
LAUNCESTON,2013,5,44115,45232,89347,0,0,0,44115,45232,89347
LAUNCESTON,2013,6,42376,40518,82894,0,0,0,42376,40518,82894
LAUNCESTON,2013,7,48884,51918,100802,0,0,0,48884,51918,100802
LAUNCESTON,2013,8,47701,46349,94050,0,0,0,47701,46349,94050
LAUNCESTON,2013,9,46688,46155,92843,0,0,0,46688,46155,92843
LAUNCESTON,2013,10,56585,53950,110535,0,0,0,56585,53950,110535
LAUNCESTON,2013,11,52468,51856,104324,0,0,0,52468,51856,104324
LAUNCESTON,2013,12,67666,58449,126115,0,0,0,67666,58449,126115
LAUNCESTON,2014,1,63827,71154,134981,0,0,0,63827,71154,134981
LAUNCESTON,2014,2,52717,51591,104308,0,0,0,52717,51591,104308
LAUNCESTON,2014,3,57992,59751,117743,0,0,0,57992,59751,117743
LAUNCESTON,2014,4,53633,57336,110969,0,0,0,53633,57336,110969
LAUNCESTON,2014,5,47347,48323,95670,0,0,0,47347,48323,95670
LAUNCESTON,2014,6,47550,46394,93944,0,0,0,47550,46394,93944
LAUNCESTON,2014,7,47391,49829,97220,0,0,0,47391,49829,97220
LAUNCESTON,2014,8,44931,45508,90439,0,0,0,44931,45508,90439
LAUNCESTON,2014,9,48691,46829,95520,0,0,0,48691,46829,95520
LAUNCESTON,2014,10,55493,54135,109628,0,0,0,55493,54135,109628
LAUNCESTON,2014,11,56824,54527,111351,0,0,0,56824,54527,111351
LAUNCESTON,2014,12,67721,59688,127409,0,0,0,67721,59688,127409
LAUNCESTON,2015,1,61786,69331,131117,0,0,0,61786,69331,131117
LAUNCESTON,2015,2,53435,51643,105078,0,0,0,53435,51643,105078
LAUNCESTON,2015,3,57484,59583,117067,0,0,0,57484,59583,117067
LAUNCESTON,2015,4,52216,55380,107596,0,0,0,52216,55380,107596
LAUNCESTON,2015,5,46677,48225,94902,0,0,0,46677,48225,94902
LAUNCESTON,2015,6,42671,42200,84871,0,0,0,42671,42200,84871
LAUNCESTON,2015,7,49223,51910,101133,0,0,0,49223,51910,101133
LAUNCESTON,2015,8,46105,45411,91516,0,0,0,46105,45411,91516
LAUNCESTON,2015,9,47215,46412,93627,0,0,0,47215,46412,93627
LAUNCESTON,2015,10,56542,53452,109994,0,0,0,56542,53452,109994
LAUNCESTON,2015,11,58767,57575,116342,0,0,0,58767,57575,116342
LAUNCESTON,2015,12,70521,62644,133165,0,0,0,70521,62644,133165
LAUNCESTON,2016,1,63517,72206,135723,0,0,0,63517,72206,135723
LAUNCESTON,2016,2,57729,56406,114135,0,0,0,57729,56406,114135
LAUNCESTON,2016,3,61282,61169,122451,0,0,0,61282,61169,122451
LAUNCESTON,2016,4,54996,60277,115273,0,0,0,54996,60277,115273
LAUNCESTON,2016,5,47415,49237,96652,0,0,0,47415,49237,96652
LAUNCESTON,2016,6,45377,45564,90941,0,0,0,45377,45564,90941
LAUNCESTON,2016,7,53340,54414,107754,0,0,0,53340,54414,107754
LAUNCESTON,2016,8,44702,44901,89603,0,0,0,44702,44901,89603
LAUNCESTON,2016,9,50064,48950,99014,0,0,0,50064,48950,99014
LAUNCESTON,2016,10,55946,52152,108098,0,0,0,55946,52152,108098
LAUNCESTON,2016,11,58326,56791,115117,0,0,0,58326,56791,115117
LAUNCESTON,2016,12,72849,63415,136264,0,0,0,72849,63415,136264
LAUNCESTON,2017,1,67589,75597,143186,0,0,0,67589,75597,143186
LAUNCESTON,2017,2,57412,56874,114286,0,0,0,57412,56874,114286
LAUNCESTON,2017,3,59033,61568,120601,0,0,0,59033,61568,120601
LAUNCESTON,2017,4,58771,60217,118988,0,0,0,58771,60217,118988
LAUNCESTON,2017,5,46056,48246,94302,0,0,0,46056,48246,94302
LAUNCESTON,2017,6,44164,43756,87920,0,0,0,44164,43756,87920
LAUNCESTON,2017,7,51577,53418,104995,0,0,0,51577,53418,104995
LAUNCESTON,2017,8,45214,44862,90076,0,0,0,45214,44862,90076
LAUNCESTON,2017,9,50483,48160,98643,0,0,0,50483,48160,98643
LAUNCESTON,2017,10,55395,55407,110802,0,0,0,55395,55407,110802
LAUNCESTON,2017,11,59175,58036,117211,0,0,0,59175,58036,117211
LAUNCESTON,2017,12,75367,64845,140212,0,0,0,75367,64845,140212
LAUNCESTON,2018,1,68889,78405,147294,0,0,0,68889,78405,147294
LAUNCESTON,2018,2,57763,56071,113834,0,0,0,57763,56071,113834
LAUNCESTON,2018,3,65920,66465,132385,0,0,0,65920,66465,132385
LAUNCESTON,2018,4,59241,63764,123005,0,0,0,59241,63764,123005
LAUNCESTON,2018,5,45400,47383,92783,0,0,0,45400,47383,92783
LAUNCESTON,2018,6,45514,45946,91460,0,0,0,45514,45946,91460
LAUNCESTON,2018,7,56721,58072,114793,0,0,0,56721,58072,114793
LAUNCESTON,2018,8,47423,47206,94629,0,0,0,47423,47206,94629
LAUNCESTON,2018,9,51454,49146,100600,0,0,0,51454,49146,100600
LAUNCESTON,2018,10,57836,57111,114947,0,0,0,57836,57111,114947
LAUNCESTON,2018,11,58989,58231,117220,0,0,0,58989,58231,117220
LAUNCESTON,2018,12,73906,64885,138791,0,0,0,73906,64885,138791
LAUNCESTON,2019,1,70824,79017,149841,0,0,0,70824,79017,149841
LAUNCESTON,2019,2,58763,58499,117262,0,0,0,58763,58499,117262
LAUNCESTON,2019,3,61397,64660,126057,0,0,0,61397,64660,126057
LAUNCESTON,2019,4,63263,65723,128986,0,0,0,63263,65723,128986
LAUNCESTON,2019,5,46938,49185,96123,0,0,0,46938,49185,96123
LAUNCESTON,2019,6,45516,45744,91260,0,0,0,45516,45744,91260
LAUNCESTON,2019,7,56217,56811,113028,0,0,0,56217,56811,113028
LAUNCESTON,2019,8,46984,48107,95091,0,0,0,46984,48107,95091
LAUNCESTON,2019,9,52095,49663,101758,0,0,0,52095,49663,101758
LAUNCESTON,2019,10,58756,57738,116494,0,0,0,58756,57738,116494
LAUNCESTON,2019,11,60389,59006,119395,0,0,0,60389,59006,119395
LAUNCESTON,2019,12,74773,65236,140009,0,0,0,74773,65236,140009
LAUNCESTON,2020,1,68722,77376,146098,0,0,0,68722,77376,146098
LAUNCESTON,2020,2,56306,55972,112278,0,0,0,56306,55972,112278
LAUNCESTON,2020,3,36699,39219,75918,0,0,0,36699,39219,75918
LAUNCESTON,2020,4,301,475,776,0,0,0,301,475,776
LAUNCESTON,2020,5,348,362,710,0,0,0,348,362,710
LAUNCESTON,2020,6,994,1097,2091,0,0,0,994,1097,2091
LAUNCESTON,2020,7,2039,2584,4623,0,0,0,2039,2584,4623
LAUNCESTON,2020,8,1958,1949,3907,0,0,0,1958,1949,3907
LAUNCESTON,2020,9,2189,2270,4459,0,0,0,2189,2270,4459
LAUNCESTON,2020,10,3012,3295,6307,0,0,0,3012,3295,6307
LAUNCESTON,2020,11,12199,10832,23031,0,0,0,12199,10832,23031
LAUNCESTON,2020,12,39377,32862,72239,0,0,0,39377,32862,72239
LAUNCESTON,2021,1,30884,35633,66517,0,0,0,30884,35633,66517
LAUNCESTON,2021,2,25746,24783,50529,0,0,0,25746,24783,50529
LAUNCESTON,2021,3,41676,40711,82387,0,0,0,41676,40711,82387
LAUNCESTON,2021,4,52434,54389,106823,0,0,0,52434,54389,106823
LAUNCESTON,2021,5,37123,39118,76241,0,0,0,37123,39118,76241
LAUNCESTON,2021,6,22667,20028,42695,0,0,0,22667,20028,42695
LAUNCESTON,2021,7,17484,20248,37732,0,0,0,17484,20248,37732
LAUNCESTON,2021,8,5689,5261,10950,0,0,0,5689,5261,10950
LAUNCESTON,2021,9,9837,9622,19459,0,0,0,9837,9622,19459
LAUNCESTON,2021,10,11763,12018,23781,0,0,0,11763,12018,23781
LAUNCESTON,2021,11,15215,14125,29340,0,0,0,15215,14125,29340
LAUNCESTON,2021,12,43457,32543,76000,0,0,0,43457,32543,76000
LAUNCESTON,2022,1,36769,43049,79818,0,0,0,36769,43049,79818
LAUNCESTON,2022,2,33632,32485,66117,0,0,0,33632,32485,66117
LAUNCESTON,2022,3,44856,45684,90540,0,0,0,44856,45684,90540
LAUNCESTON,2022,4,59180,61264,120444,0,0,0,59180,61264,120444
LAUNCESTON,2022,5,46127,48106,94233,0,0,0,46127,48106,94233
LAUNCESTON,2022,6,48324,46338,94662,0,0,0,48324,46338,94662
LAUNCESTON,2022,7,49150,53985,103135,0,0,0,49150,53985,103135
LAUNCESTON,2022,8,42551,41525,84076,0,0,0,42551,41525,84076
LAUNCESTON,2022,9,47310,45217,92527,0,0,0,47310,45217,92527
LAUNCESTON,2022,10,54641,53629,108270,0,0,0,54641,53629,108270
LAUNCESTON,2022,11,54272,52480,106752,0,0,0,54272,52480,106752
LAUNCESTON,2022,12,66830,58410,125240,0,0,0,66830,58410,125240
LAUNCESTON,2023,1,64841,72368,137209,0,0,0,64841,72368,137209
LAUNCESTON,2023,2,53698,53043,106741,0,0,0,53698,53043,106741
LAUNCESTON,2023,3,61444,62794,124238,0,0,0,61444,62794,124238
LAUNCESTON,2023,4,58683,61547,120230,0,0,0,58683,61547,120230
LAUNCESTON,2023,5,46254,48868,95122,0,0,0,46254,48868,95122
LAUNCESTON,2023,6,45907,44530,90437,0,0,0,45907,44530,90437
LAUNCESTON,2023,7,50137,53942,104079,0,0,0,50137,53942,104079
LAUNCESTON,2023,8,49495,49486,98981,0,0,0,49495,49486,98981
LAUNCESTON,2023,9,51583,49988,101571,0,0,0,51583,49988,101571
LAUNCESTON,2023,10,60348,58947,119295,0,0,0,60348,58947,119295
LAUNCESTON,2023,11,63106,61336,124442,0,0,0,63106,61336,124442
LAUNCESTON,2023,12,76584,66277,142861,0,0,0,76584,66277,142861
LAUNCESTON,2024,1,68013,75861,143874,0,0,0,68013,75861,143874
LAUNCESTON,2024,2,62051,61639,123690,0,0,0,62051,61639,123690
LAUNCESTON,2024,3,67859,67669,135528,0,0,0,67859,67669,135528
LAUNCESTON,2024,4,60965,66265,127230,0,0,0,60965,66265,127230
LAUNCESTON,2024,5,48699,50852,99551,0,0,0,48699,50852,99551
LAUNCESTON,2024,6,46275,45612,91887,0,0,0,46275,45612,91887
MACKAY,2009,1,39935,39772,79707,0,0,0,39935,39772,79707
MACKAY,2009,2,34093,33861,67954,0,0,0,34093,33861,67954
MACKAY,2009,3,38335,37378,75713,0,0,0,38335,37378,75713
MACKAY,2009,4,38347,38448,76795,0,0,0,38347,38448,76795
MACKAY,2009,5,38023,37882,75905,0,0,0,38023,37882,75905
MACKAY,2009,6,38043,37284,75327,0,0,0,38043,37284,75327
MACKAY,2009,7,40206,40448,80654,0,0,0,40206,40448,80654
MACKAY,2009,8,38246,37882,76128,0,0,0,38246,37882,76128
MACKAY,2009,9,39508,39616,79124,0,0,0,39508,39616,79124
MACKAY,2009,10,40964,41045,82009,0,0,0,40964,41045,82009
MACKAY,2009,11,38991,39381,78372,0,0,0,38991,39381,78372
MACKAY,2009,12,38160,39841,78001,0,0,0,38160,39841,78001
MACKAY,2010,1,36743,36508,73251,0,0,0,36743,36508,73251
MACKAY,2010,2,33503,34298,67801,0,0,0,33503,34298,67801
MACKAY,2010,3,36041,35330,71371,0,0,0,36041,35330,71371
MACKAY,2010,4,36857,36634,73491,0,0,0,36857,36634,73491
MACKAY,2010,5,37655,37959,75614,0,0,0,37655,37959,75614
MACKAY,2010,6,40689,40733,81422,0,0,0,40689,40733,81422
MACKAY,2010,7,43626,43804,87430,0,0,0,43626,43804,87430
MACKAY,2010,8,41931,42150,84081,0,0,0,41931,42150,84081
MACKAY,2010,9,46612,46479,93091,0,0,0,46612,46479,93091
MACKAY,2010,10,47386,48552,95938,0,0,0,47386,48552,95938
MACKAY,2010,11,44241,43824,88065,0,0,0,44241,43824,88065
MACKAY,2010,12,44289,47223,91512,0,0,0,44289,47223,91512
MACKAY,2011,1,47185,44254,91439,0,0,0,47185,44254,91439
MACKAY,2011,2,35124,35588,70712,0,0,0,35124,35588,70712
MACKAY,2011,3,43224,42622,85846,0,0,0,43224,42622,85846
MACKAY,2011,4,41760,42414,84174,0,0,0,41760,42414,84174
MACKAY,2011,5,44832,43888,88720,0,0,0,44832,43888,88720
MACKAY,2011,6,43839,44325,88164,0,0,0,43839,44325,88164
MACKAY,2011,7,46913,46668,93581,0,0,0,46913,46668,93581
MACKAY,2011,8,47594,47296,94890,0,0,0,47594,47296,94890
MACKAY,2011,9,48453,49173,97626,0,0,0,48453,49173,97626
MACKAY,2011,10,50403,50341,100744,0,0,0,50403,50341,100744
MACKAY,2011,11,47259,47269,94528,0,0,0,47259,47269,94528
MACKAY,2011,12,43936,48241,92177,0,0,0,43936,48241,92177
MACKAY,2012,1,45112,41376,86488,0,0,0,45112,41376,86488
MACKAY,2012,2,42412,43314,85726,0,0,0,42412,43314,85726
MACKAY,2012,3,46348,47723,94071,0,0,0,46348,47723,94071
MACKAY,2012,4,46513,45629,92142,0,0,0,46513,45629,92142
MACKAY,2012,5,48281,48824,97105,0,0,0,48281,48824,97105
MACKAY,2012,6,48241,48828,97069,0,0,0,48241,48828,97069
MACKAY,2012,7,49974,48864,98838,0,0,0,49974,48864,98838
MACKAY,2012,8,47780,48839,96619,0,0,0,47780,48839,96619
MACKAY,2012,9,47615,48248,95863,0,0,0,47615,48248,95863
MACKAY,2012,10,49865,48668,98533,0,0,0,49865,48668,98533
MACKAY,2012,11,44720,45921,90641,0,0,0,44720,45921,90641
MACKAY,2012,12,44976,48172,93148,0,0,0,44976,48172,93148
MACKAY,2013,1,46854,43565,90419,0,0,0,46854,43565,90419
MACKAY,2013,2,39587,40893,80480,0,0,0,39587,40893,80480
MACKAY,2013,3,45497,46520,92017,0,0,0,45497,46520,92017
MACKAY,2013,4,48044,46532,94576,0,0,0,48044,46532,94576
MACKAY,2013,5,44764,45633,90397,0,0,0,44764,45633,90397
MACKAY,2013,6,47536,46864,94400,0,0,0,47536,46864,94400
MACKAY,2013,7,49174,49064,98238,0,0,0,49174,49064,98238
MACKAY,2013,8,46550,47782,94332,0,0,0,46550,47782,94332
MACKAY,2013,9,46861,45849,92710,0,0,0,46861,45849,92710
MACKAY,2013,10,48466,48596,97062,0,0,0,48466,48596,97062
MACKAY,2013,11,42148,43201,85349,0,0,0,42148,43201,85349
MACKAY,2013,12,45230,47384,92614,0,0,0,45230,47384,92614
MACKAY,2014,1,41690,39182,80872,0,0,0,41690,39182,80872
MACKAY,2014,2,35301,35937,71238,0,0,0,35301,35937,71238
MACKAY,2014,3,41032,40076,81108,0,0,0,41032,40076,81108
MACKAY,2014,4,41485,41149,82634,0,0,0,41485,41149,82634
MACKAY,2014,5,39723,40390,80113,0,0,0,39723,40390,80113
MACKAY,2014,6,38830,38088,76918,0,0,0,38830,38088,76918
MACKAY,2014,7,44033,44582,88615,0,0,0,44033,44582,88615
MACKAY,2014,8,40144,40707,80851,0,0,0,40144,40707,80851
MACKAY,2014,9,41426,40415,81841,0,0,0,41426,40415,81841
MACKAY,2014,10,43221,44844,88065,0,0,0,43221,44844,88065
MACKAY,2014,11,37800,38193,75993,0,0,0,37800,38193,75993
MACKAY,2014,12,39817,41898,81715,0,0,0,39817,41898,81715
MACKAY,2015,1,36231,34321,70552,0,0,0,36231,34321,70552
MACKAY,2015,2,30254,31593,61847,0,0,0,30254,31593,61847
MACKAY,2015,3,38476,36956,75432,0,0,0,38476,36956,75432
MACKAY,2015,4,38188,38030,76218,0,0,0,38188,38030,76218
MACKAY,2015,5,37417,37180,74597,0,0,0,37417,37180,74597
MACKAY,2015,6,36464,36164,72628,0,0,0,36464,36164,72628
MACKAY,2015,7,39916,40450,80366,0,0,0,39916,40450,80366
MACKAY,2015,8,37652,37306,74958,0,0,0,37652,37306,74958
MACKAY,2015,9,36204,36478,72682,0,0,0,36204,36478,72682
MACKAY,2015,10,36013,36482,72495,0,0,0,36013,36482,72495
MACKAY,2015,11,33988,33821,67809,0,0,0,33988,33821,67809
MACKAY,2015,12,33735,35613,69348,0,0,0,33735,35613,69348
MACKAY,2016,1,30454,28859,59313,0,0,0,30454,28859,59313
MACKAY,2016,2,28048,28251,56299,0,0,0,28048,28251,56299
MACKAY,2016,3,33248,33232,66480,0,0,0,33248,33232,66480
MACKAY,2016,4,32759,32306,65065,0,0,0,32759,32306,65065
MACKAY,2016,5,32884,32963,65847,0,0,0,32884,32963,65847
MACKAY,2016,6,31980,32428,64408,0,0,0,31980,32428,64408
MACKAY,2016,7,33613,33546,67159,0,0,0,33613,33546,67159
MACKAY,2016,8,32588,32852,65440,0,0,0,32588,32852,65440
MACKAY,2016,9,32594,33221,65815,0,0,0,32594,33221,65815
MACKAY,2016,10,32954,33473,66427,0,0,0,32954,33473,66427
MACKAY,2016,11,31026,30902,61928,0,0,0,31026,30902,61928
MACKAY,2016,12,31024,32448,63472,0,0,0,31024,32448,63472
MACKAY,2017,1,28407,27492,55899,0,0,0,28407,27492,55899
MACKAY,2017,2,26775,27417,54192,0,0,0,26775,27417,54192
MACKAY,2017,3,27660,28612,56272,0,0,0,27660,28612,56272
MACKAY,2017,4,32546,32692,65238,0,0,0,32546,32692,65238
MACKAY,2017,5,32115,32556,64671,0,0,0,32115,32556,64671
MACKAY,2017,6,32053,32188,64241,0,0,0,32053,32188,64241
MACKAY,2017,7,33542,33361,66903,0,0,0,33542,33361,66903
MACKAY,2017,8,32287,33030,65317,0,0,0,32287,33030,65317
MACKAY,2017,9,34889,35186,70075,0,0,0,34889,35186,70075
MACKAY,2017,10,35292,34648,69940,0,0,0,35292,34648,69940
MACKAY,2017,11,31991,32694,64685,0,0,0,31991,32694,64685
MACKAY,2017,12,31907,33663,65570,0,0,0,31907,33663,65570
MACKAY,2018,1,31550,29835,61385,0,0,0,31550,29835,61385
MACKAY,2018,2,28109,28290,56399,0,0,0,28109,28290,56399
MACKAY,2018,3,33788,34250,68038,0,0,0,33788,34250,68038
MACKAY,2018,4,31371,30937,62308,0,0,0,31371,30937,62308
MACKAY,2018,5,34118,34075,68193,0,0,0,34118,34075,68193
MACKAY,2018,6,32254,32073,64327,0,0,0,32254,32073,64327
MACKAY,2018,7,38841,38656,77497,0,0,0,38841,38656,77497
MACKAY,2018,8,37238,38024,75262,0,0,0,37238,38024,75262
MACKAY,2018,9,34386,34831,69217,0,0,0,34386,34831,69217
MACKAY,2018,10,35683,35066,70749,0,0,0,35683,35066,70749
MACKAY,2018,11,33423,34034,67457,0,0,0,33423,34034,67457
MACKAY,2018,12,32543,34591,67134,0,0,0,32543,34591,67134
MACKAY,2019,1,31850,30538,62388,0,0,0,31850,30538,62388
MACKAY,2019,2,29585,29908,59493,0,0,0,29585,29908,59493
MACKAY,2019,3,33188,33773,66961,0,0,0,33188,33773,66961
MACKAY,2019,4,33365,32740,66105,0,0,0,33365,32740,66105
MACKAY,2019,5,35423,36124,71547,0,0,0,35423,36124,71547
MACKAY,2019,6,34032,33917,67949,0,0,0,34032,33917,67949
MACKAY,2019,7,37760,37019,74779,0,0,0,37760,37019,74779
MACKAY,2019,8,37074,37973,75047,0,0,0,37074,37973,75047
MACKAY,2019,9,37679,37658,75337,0,0,0,37679,37658,75337
MACKAY,2019,10,38439,38581,77020,0,0,0,38439,38581,77020
MACKAY,2019,11,35584,36180,71764,0,0,0,35584,36180,71764
MACKAY,2019,12,35168,37092,72260,0,0,0,35168,37092,72260
MACKAY,2020,1,34227,32672,66899,0,0,0,34227,32672,66899
MACKAY,2020,2,31457,32056,63513,0,0,0,31457,32056,63513
MACKAY,2020,3,26375,24390,50765,0,0,0,26375,24390,50765
MACKAY,2020,4,3428,3753,7181,0,0,0,3428,3753,7181
MACKAY,2020,5,3517,3674,7191,0,0,0,3517,3674,7191
MACKAY,2020,6,8504,8404,16908,0,0,0,8504,8404,16908
MACKAY,2020,7,15694,16265,31959,0,0,0,15694,16265,31959
MACKAY,2020,8,15570,15854,31424,0,0,0,15570,15854,31424
MACKAY,2020,9,17673,17700,35373,0,0,0,17673,17700,35373
MACKAY,2020,10,20175,21086,41261,0,0,0,20175,21086,41261
MACKAY,2020,11,22748,22440,45188,0,0,0,22748,22440,45188
MACKAY,2020,12,26244,27338,53582,0,0,0,26244,27338,53582
MACKAY,2021,1,20817,20329,41146,0,0,0,20817,20329,41146
MACKAY,2021,2,22827,22922,45749,0,0,0,22827,22922,45749
MACKAY,2021,3,28950,28178,57128,0,0,0,28950,28178,57128
MACKAY,2021,4,29392,29525,58917,0,0,0,29392,29525,58917
MACKAY,2021,5,33407,32991,66398,0,0,0,33407,32991,66398
MACKAY,2021,6,31806,31349,63155,0,0,0,31806,31349,63155
MACKAY,2021,7,26205,26675,52880,0,0,0,26205,26675,52880
MACKAY,2021,8,18309,18095,36404,0,0,0,18309,18095,36404
MACKAY,2021,9,27786,27921,55707,0,0,0,27786,27921,55707
MACKAY,2021,10,26940,27633,54573,0,0,0,26940,27633,54573
MACKAY,2021,11,28231,27476,55707,0,0,0,28231,27476,55707
MACKAY,2021,12,29251,30472,59723,0,0,0,29251,30472,59723
MACKAY,2022,1,21505,20304,41809,0,0,0,21505,20304,41809
MACKAY,2022,2,21200,21624,42824,0,0,0,21200,21624,42824
MACKAY,2022,3,29888,30223,60111,0,0,0,29888,30223,60111
MACKAY,2022,4,35758,36248,72006,0,0,0,35758,36248,72006
MACKAY,2022,5,36770,36153,72923,0,0,0,36770,36153,72923
MACKAY,2022,6,38676,38928,77604,0,0,0,38676,38928,77604
MACKAY,2022,7,38743,39542,78285,0,0,0,38743,39542,78285
MACKAY,2022,8,38115,38071,76186,0,0,0,38115,38071,76186
MACKAY,2022,9,38033,39124,77157,0,0,0,38033,39124,77157
MACKAY,2022,10,38857,38747,77604,0,0,0,38857,38747,77604
MACKAY,2022,11,38366,38712,77078,0,0,0,38366,38712,77078
MACKAY,2022,12,34580,36537,71117,0,0,0,34580,36537,71117
MACKAY,2023,1,33415,31430,64845,0,0,0,33415,31430,64845
MACKAY,2023,2,32305,32930,65235,0,0,0,32305,32930,65235
MACKAY,2023,3,38325,39130,77455,0,0,0,38325,39130,77455
MACKAY,2023,4,35628,35865,71493,0,0,0,35628,35865,71493
MACKAY,2023,5,38687,37989,76676,0,0,0,38687,37989,76676
MACKAY,2023,6,37983,39085,77068,0,0,0,37983,39085,77068
MACKAY,2023,7,39853,39438,79291,0,0,0,39853,39438,79291
MACKAY,2023,8,39478,40206,79684,0,0,0,39478,40206,79684
MACKAY,2023,9,40959,41124,82083,0,0,0,40959,41124,82083
MACKAY,2023,10,40467,40500,80967,0,0,0,40467,40500,80967
MACKAY,2023,11,39453,40720,80173,0,0,0,39453,40720,80173
MACKAY,2023,12,36112,38302,74414,0,0,0,36112,38302,74414
MACKAY,2024,1,32951,30481,63432,0,0,0,32951,30481,63432
MACKAY,2024,2,34796,35422,70218,0,0,0,34796,35422,70218
MACKAY,2024,3,37952,38156,76108,0,0,0,37952,38156,76108
MACKAY,2024,4,37306,36462,73768,0,0,0,37306,36462,73768
MACKAY,2024,5,38516,39266,77782,0,0,0,38516,39266,77782
MACKAY,2024,6,36662,37129,73791,0,0,0,36662,37129,73791
MELBOURNE,2009,1,856085,833050,1689135,252477,212009,464486,1108562,1045059,2153621
MELBOURNE,2009,2,746205,739743,1485948,210713,168227,378940,956918,907970,1864888
MELBOURNE,2009,3,845636,852062,1697698,202276,196643,398919,1047912,1048705,2096617
MELBOURNE,2009,4,829998,819781,1649779,204299,208083,412382,1034297,1027864,2062161
MELBOURNE,2009,5,776173,775039,1551212,173774,197709,371483,949947,972748,1922695
MELBOURNE,2009,6,721727,758140,1479867,178162,218630,396792,899889,976770,1876659
MELBOURNE,2009,7,837988,809609,1647597,240001,197523,437524,1077989,1007132,2085121
MELBOURNE,2009,8,823229,827693,1650922,203480,205689,409169,1026709,1033382,2060091
MELBOURNE,2009,9,835205,851672,1686877,219950,222581,442531,1055155,1074253,2129408
MELBOURNE,2009,10,898516,877825,1776341,249880,207089,456969,1148396,1084914,2233310
MELBOURNE,2009,11,871745,868621,1740366,218576,228831,447407,1090321,1097452,2187773
MELBOURNE,2009,12,840898,858578,1699476,234725,279025,513750,1075623,1137603,2213226
MELBOURNE,2010,1,857377,826363,1683740,284826,243684,528510,1142203,1070047,2212250
MELBOURNE,2010,2,802637,808660,1611297,243752,204449,448201,1046389,1013109,2059498
MELBOURNE,2010,3,905092,921247,1826339,231673,239252,470925,1136765,1160499,2297264
MELBOURNE,2010,4,896389,873538,1769927,220800,219940,440740,1117189,1093478,2210667
MELBOURNE,2010,5,840775,841892,1682667,188710,221202,409912,1029485,1063094,2092579
MELBOURNE,2010,6,819152,851471,1670623,208773,257409,466182,1027925,1108880,2136805
MELBOURNE,2010,7,944778,913028,1857806,283636,231976,515612,1228414,1145004,2373418
MELBOURNE,2010,8,913529,920169,1833698,231395,241959,473354,1144924,1162128,2307052
MELBOURNE,2010,9,935099,941432,1876531,255664,259528,515192,1190763,1200960,2391723
MELBOURNE,2010,10,981550,974228,1955778,286793,239495,526288,1268343,1213723,2482066
MELBOURNE,2010,11,936055,926714,1862769,240786,250417,491203,1176841,1177131,2353972
MELBOURNE,2010,12,933226,957852,1891078,265242,321150,586392,1198468,1279002,2477470
MELBOURNE,2011,1,932364,895173,1827537,336970,290873,627843,1269334,1186046,2455380
MELBOURNE,2011,2,807515,802662,1610177,274243,220878,495121,1081758,1023540,2105298
MELBOURNE,2011,3,928617,924483,1853100,243754,237994,481748,1172371,1162477,2334848
MELBOURNE,2011,4,915423,915413,1830836,250130,274680,524810,1165553,1190093,2355646
MELBOURNE,2011,5,872415,876279,1748694,230962,247707,478669,1103377,1123986,2227363
MELBOURNE,2011,6,797066,804285,1601351,223865,273382,497247,1020931,1077667,2098598
MELBOURNE,2011,7,907802,900980,1808782,309728,262089,571817,1217530,1163069,2380599
MELBOURNE,2011,8,875410,876729,1752139,259446,261977,521423,1134856,1138706,2273562
MELBOURNE,2011,9,862222,882369,1744591,263756,282047,545803,1125978,1164416,2290394
MELBOURNE,2011,10,933886,910870,1844756,306328,247114,553442,1240214,1157984,2398198
MELBOURNE,2011,11,903717,890863,1794580,267990,269556,537546,1171707,1160419,2332126
MELBOURNE,2011,12,879421,910582,1790003,281266,344223,625489,1160687,1254805,2415492
MELBOURNE,2012,1,926139,886181,1812320,354018,306119,660137,1280157,1192300,2472457
MELBOURNE,2012,2,830879,821103,1651982,291804,232419,524223,1122683,1053522,2176205
MELBOURNE,2012,3,932200,936193,1868393,268269,279024,547293,1200469,1215217,2415686
MELBOURNE,2012,4,897991,892848,1790839,266969,271006,537975,1164960,1163854,2328814
MELBOURNE,2012,5,874047,871643,1745690,230069,259264,489333,1104116,1130907,2235023
MELBOURNE,2012,6,836515,858023,1694538,248038,295361,543399,1084553,1153384,2237937
MELBOURNE,2012,7,953894,944955,1898849,316164,261920,578084,1270058,1206875,2476933
MELBOURNE,2012,8,935216,929624,1864840,271345,275906,547251,1206561,1205530,2412091
MELBOURNE,2012,9,931489,954733,1886222,284472,291959,576431,1215961,1246692,2462653
MELBOURNE,2012,10,1002582,981939,1984521,323971,261191,585162,1326553,1243130,2569683
MELBOURNE,2012,11,1003285,988212,1991497,281637,289422,571059,1284922,1277634,2562556
MELBOURNE,2012,12,939234,969425,1908659,302814,356081,658895,1242048,1325506,2567554
MELBOURNE,2013,1,980802,928327,1909129,363773,309819,673592,1344575,1238146,2582721
MELBOURNE,2013,2,857315,842347,1699662,290165,245270,535435,1147480,1087617,2235097
MELBOURNE,2013,3,958278,995662,1953940,284291,298294,582585,1242569,1293956,2536525
MELBOURNE,2013,4,957148,924505,1881653,284224,278932,563156,1241372,1203437,2444809
MELBOURNE,2013,5,889504,893160,1782664,247987,284390,532377,1137491,1177550,2315041
MELBOURNE,2013,6,861377,881739,1743116,266815,316664,583479,1128192,1198403,2326595
MELBOURNE,2013,7,1027044,1007540,2034584,350003,299718,649721,1377047,1307258,2684305
MELBOURNE,2013,8,978746,973072,1951818,309206,314962,624168,1287952,1288034,2575986
MELBOURNE,2013,9,944229,957575,1901804,308437,314280,622717,1252666,1271855,2524521
MELBOURNE,2013,10,1042381,1027168,2069549,347223,277637,624860,1389604,1304805,2694409
MELBOURNE,2013,11,993447,978633,1972080,297331,296101,593432,1290778,1274734,2565512
MELBOURNE,2013,12,990722,1017563,2008285,334315,392306,726621,1325037,1409869,2734906
MELBOURNE,2014,1,1015397,972715,1988112,405925,345753,751678,1421322,1318468,2739790
MELBOURNE,2014,2,879950,874523,1754473,317446,271754,589200,1197396,1146277,2343673
MELBOURNE,2014,3,982380,989492,1971872,298547,301050,599597,1280927,1290542,2571469
MELBOURNE,2014,4,970657,965801,1936458,314516,330983,645499,1285173,1296784,2581957
MELBOURNE,2014,5,919075,914120,1833195,288008,311686,599694,1207083,1225806,2432889
MELBOURNE,2014,6,883595,924070,1807665,283842,355095,638937,1167437,1279165,2446602
MELBOURNE,2014,7,1022903,993072,2015975,396854,328613,725467,1419757,1321685,2741442
MELBOURNE,2014,8,979763,975378,1955141,323724,340678,664402,1303487,1316056,2619543
MELBOURNE,2014,9,966478,975178,1941656,337512,339350,676862,1303990,1314528,2618518
MELBOURNE,2014,10,1084809,1063726,2148535,381908,312662,694570,1466717,1376388,2843105
MELBOURNE,2014,11,1001601,994496,1996097,328293,335780,664073,1329894,1330276,2660170
MELBOURNE,2014,12,994717,1020431,2015148,355406,417081,772487,1350123,1437512,2787635
MELBOURNE,2015,1,1004854,948075,1952929,438126,370081,808207,1442980,1318156,2761136
MELBOURNE,2015,2,900984,891650,1792634,365109,313219,678328,1266093,1204869,2470962
MELBOURNE,2015,3,1005878,1039069,2044947,345323,371197,716520,1351201,1410266,2761467
MELBOURNE,2015,4,996733,964471,1961204,340239,344512,684751,1336972,1308983,2645955
MELBOURNE,2015,5,936622,936219,1872841,302738,334198,636936,1239360,1270417,2509777
MELBOURNE,2015,6,892847,934705,1827552,308765,379573,688338,1201612,1314278,2515890
MELBOURNE,2015,7,1088788,1042230,2131018,420433,358670,779103,1509221,1400900,2910121
MELBOURNE,2015,8,987007,994987,1981994,363372,369533,732905,1350379,1364520,2714899
MELBOURNE,2015,9,1003849,1002529,2006378,373604,370822,744426,1377453,1373351,2750804
MELBOURNE,2015,10,1087942,1081715,2169657,422440,352894,775334,1510382,1434609,2944991
MELBOURNE,2015,11,1040806,1038007,2078813,369057,367768,736825,1409863,1405775,2815638
MELBOURNE,2015,12,1042951,1067979,2110930,408817,468826,877643,1451768,1536805,2988573
MELBOURNE,2016,1,1054336,987466,2041802,479446,415848,895294,1533782,1403314,2937096
MELBOURNE,2016,2,962294,958670,1920964,409332,354902,764234,1371626,1313572,2685198
MELBOURNE,2016,3,1040159,1071754,2111913,375712,400070,775782,1415871,1471824,2887695
MELBOURNE,2016,4,1034619,975844,2010463,377543,363931,741474,1412162,1339775,2751937
MELBOURNE,2016,5,965286,979592,1944878,329015,361483,690498,1294301,1341075,2635376
MELBOURNE,2016,6,934008,983208,1917216,344024,421392,765416,1278032,1404600,2682632
MELBOURNE,2016,7,1099867,1051762,2151629,473996,402026,876022,1573863,1453788,3027651
MELBOURNE,2016,8,1007425,1007861,2015286,387190,393644,780834,1394615,1401505,2796120
MELBOURNE,2016,9,1059435,1055705,2115140,407615,395718,803333,1467050,1451423,2918473
MELBOURNE,2016,10,1093450,1100268,2193718,439964,373475,813439,1533414,1473743,3007157
MELBOURNE,2016,11,1081488,1066390,2147878,386213,394006,780219,1467701,1460396,2928097
MELBOURNE,2016,12,1063853,1097863,2161716,444950,511091,956041,1508803,1608954,3117757
MELBOURNE,2017,1,1090953,1037134,2128087,523394,456706,980100,1614347,1493840,3108187
MELBOURNE,2017,2,936529,925300,1861829,424162,354176,778338,1360691,1279476,2640167
MELBOURNE,2017,3,1067607,1069795,2137402,388096,397069,785165,1455703,1466864,2922567
MELBOURNE,2017,4,1046704,1038005,2084709,421407,426800,848207,1468111,1464805,2932916
MELBOURNE,2017,5,982991,993236,1976227,355754,384545,740299,1338745,1377781,2716526
MELBOURNE,2017,6,966297,988130,1954427,368104,439357,807461,1334401,1427487,2761888
MELBOURNE,2017,7,1109391,1101270,2210661,498958,427923,926881,1608349,1529193,3137542
MELBOURNE,2017,8,1032519,1026705,2059224,417818,422697,840515,1450337,1449402,2899739
MELBOURNE,2017,9,1047892,1061680,2109572,428355,438578,866933,1476247,1500258,2976505
MELBOURNE,2017,10,1156852,1133498,2290350,486720,396510,883230,1643572,1530008,3173580
MELBOURNE,2017,11,1115131,1106079,2221210,419680,431707,851387,1534811,1537786,3072597
MELBOURNE,2017,12,1083418,1118622,2202040,478099,537167,1015266,1561517,1655789,3217306
MELBOURNE,2018,1,1109308,1061660,2170968,547626,473098,1020724,1656934,1534758,3191692
MELBOURNE,2018,2,968029,959519,1927548,469329,401858,871187,1437358,1361377,2798735
MELBOURNE,2018,3,1098311,1128272,2226583,445563,464345,909908,1543874,1592617,3136491
MELBOURNE,2018,4,1084246,1051772,2136018,453020,441242,894262,1537266,1493014,3030280
MELBOURNE,2018,5,1000156,1007655,2007811,387395,413425,800820,1387551,1421080,2808631
MELBOURNE,2018,6,962605,1010009,1972614,410590,492367,902957,1373195,1502376,2875571
MELBOURNE,2018,7,1149198,1116250,2265448,538582,455634,994216,1687780,1571884,3259664
MELBOURNE,2018,8,1074421,1068580,2143001,464566,473550,938116,1538987,1542130,3081117
MELBOURNE,2018,9,1057707,1073931,2131638,471762,479739,951501,1529469,1553670,3083139
MELBOURNE,2018,10,1166132,1142931,2309063,523788,436520,960308,1689920,1579451,3269371
MELBOURNE,2018,11,1117298,1107531,2224829,461965,473126,935091,1579263,1580657,3159920
MELBOURNE,2018,12,1066835,1110389,2177224,481836,562958,1044794,1548671,1673347,3222018
MELBOURNE,2019,1,1121723,1066341,2188064,568799,501288,1070087,1690522,1567629,3258151
MELBOURNE,2019,2,981359,971364,1952723,483548,405796,889344,1464907,1377160,2842067
MELBOURNE,2019,3,1086603,1092582,2179185,441993,443824,885817,1528596,1536406,3065002
MELBOURNE,2019,4,1087004,1087168,2174172,454777,480480,935257,1541781,1567648,3109429
MELBOURNE,2019,5,1010459,1006610,2017069,414406,429113,843519,1424865,1435723,2860588
MELBOURNE,2019,6,944965,1000243,1945208,413493,488023,901516,1358458,1488266,2846724
MELBOURNE,2019,7,1142322,1109884,2252206,532482,460719,993201,1674804,1570603,3245407
MELBOURNE,2019,8,1080083,1074712,2154795,469163,473554,942717,1549246,1548266,3097512
MELBOURNE,2019,9,1069451,1092161,2161612,459116,468307,927423,1528567,1560468,3089035
MELBOURNE,2019,10,1187346,1159072,2346418,504030,427549,931579,1691376,1586621,3277997
MELBOURNE,2019,11,1122505,1098922,2221427,460493,466560,927053,1582998,1565482,3148480
MELBOURNE,2019,12,1084222,1138546,2222768,495779,575352,1071131,1580001,1713898,3293899
MELBOURNE,2020,1,1116371,1053603,2169974,581276,514803,1096079,1697647,1568406,3266053
MELBOURNE,2020,2,921157,934726,1855883,408642,334254,742896,1329799,1268980,2598779
MELBOURNE,2020,3,624922,619391,1244313,244268,227490,471758,869190,846881,1716071
MELBOURNE,2020,4,20061,21697,41758,5448,12355,17803,25509,34052,59561
MELBOURNE,2020,5,29128,28400,57528,5643,9003,14646,34771,37403,72174
MELBOURNE,2020,6,60190,62328,122518,6431,9456,15887,66621,71784,138405
MELBOURNE,2020,7,29537,31636,61173,49,12705,12754,29586,44341,73927
MELBOURNE,2020,8,6854,13444,20298,0,14761,14761,6854,28205,35059
MELBOURNE,2020,9,8430,14941,23371,0,12320,12320,8430,27261,35691
MELBOURNE,2020,10,12720,14654,27374,0,10603,10603,12720,25257,37977
MELBOURNE,2020,11,48680,50242,98922,511,8346,8857,49191,58588,107779
MELBOURNE,2020,12,340896,398933,739829,5098,10989,16087,345994,409922,755916
MELBOURNE,2021,1,338480,286543,625023,6753,10340,17093,345233,296883,642116
MELBOURNE,2021,2,207398,195779,403177,3119,8122,11241,210517,203901,414418
MELBOURNE,2021,3,479091,494543,973634,1798,8153,9951,480889,502696,983585
MELBOURNE,2021,4,702091,692032,1394123,10375,16770,27145,712466,708802,1421268
MELBOURNE,2021,5,599667,601938,1201605,25732,24656,50388,625399,626594,1251993
MELBOURNE,2021,6,152189,168931,321120,10613,14502,25115,162802,183433,346235
MELBOURNE,2021,7,225224,184414,409638,22227,26795,49022,247451,211209,458660
MELBOURNE,2021,8,33142,25526,58668,3681,8033,11714,36823,33559,70382
MELBOURNE,2021,9,15886,15063,30949,2201,7918,10119,18087,22981,41068
MELBOURNE,2021,10,21168,15719,36887,2111,9855,11966,23279,25574,48853
MELBOURNE,2021,11,165347,169714,335061,19788,25339,45127,185135,195053,380188
MELBOURNE,2021,12,451517,522284,973801,64060,63649,127709,515577,585933,1101510
MELBOURNE,2022,1,571917,515075,1086992,84811,58865,143676,656728,573940,1230668
MELBOURNE,2022,2,496393,503676,1000069,89738,54225,143963,586131,557901,1144032
MELBOURNE,2022,3,753316,751571,1504887,107926,95493,203419,861242,847064,1708306
MELBOURNE,2022,4,958109,966159,1924268,157741,163915,321656,1115850,1130074,2245924
MELBOURNE,2022,5,861600,868868,1730468,182478,180486,362964,1044078,1049354,2093432
MELBOURNE,2022,6,886863,942296,1829159,211256,253957,465213,1098119,1196253,2294372
MELBOURNE,2022,7,980671,937906,1918577,318139,273435,591574,1298810,1211341,2510151
MELBOURNE,2022,8,871004,884415,1755419,289587,260606,550193,1160591,1145021,2305612
MELBOURNE,2022,9,942733,938395,1881128,300395,284303,584698,1243128,1222698,2465826
MELBOURNE,2022,10,962271,980846,1943117,335167,273556,608723,1297438,1254402,2551840
MELBOURNE,2022,11,949257,930494,1879751,333340,322667,656007,1282597,1253161,2535758
MELBOURNE,2022,12,918537,937459,1855996,353353,422088,775441,1271890,1359547,2631437
MELBOURNE,2023,1,951384,924241,1875625,445135,385246,830381,1396519,1309487,2706006
MELBOURNE,2023,2,821901,821353,1643254,381441,282806,664247,1203342,1104159,2307501
MELBOURNE,2023,3,997609,978577,1976186,370815,352659,723474,1368424,1331236,2699660
MELBOURNE,2023,4,948194,972933,1921127,380077,397622,777699,1328271,1370555,2698826
MELBOURNE,2023,5,919970,928001,1847971,356854,382672,739526,1276824,1310673,2587497
MELBOURNE,2023,6,891770,939062,1830832,376556,443993,820549,1268326,1383055,2651381
MELBOURNE,2023,7,1009111,981811,1990922,499513,416165,915678,1508624,1397976,2906600
MELBOURNE,2023,8,972529,981256,1953785,430491,418894,849385,1403020,1400150,2803170
MELBOURNE,2023,9,1003307,988183,1991490,453183,438763,891946,1456490,1426946,2883436
MELBOURNE,2023,10,1040251,1061215,2101466,481237,403512,884749,1521488,1464727,2986215
MELBOURNE,2023,11,1040114,1028416,2068530,434191,441269,875460,1474305,1469685,2943990
MELBOURNE,2023,12,997117,1032298,2029415,470891,557019,1027910,1468008,1589317,3057325
MELBOURNE,2024,1,1031539,999175,2030714,594279,484399,1078678,1625818,1483574,3109392
MELBOURNE,2024,2,959745,964951,1924696,502887,403998,906885,1462632,1368949,2831581
MELBOURNE,2024,3,1018694,1056796,2075490,443524,468982,912506,1462218,1525778,2987996
MELBOURNE,2024,4,1012617,979522,1992139,447712,432555,880267,1460329,1412077,2872406
MELBOURNE,2024,5,941908,950149,1892057,393502,425979,819481,1335410,1376128,2711538
MELBOURNE,2024,6,898479,930401,1828880,422064,497667,919731,1320543,1428068,2748611
NEWCASTLE,2009,1,51819,51575,103394,0,0,0,51819,51575,103394
NEWCASTLE,2009,2,43177,42024,85201,0,0,0,43177,42024,85201
NEWCASTLE,2009,3,49738,48281,98019,0,0,0,49738,48281,98019
NEWCASTLE,2009,4,49517,48395,97912,0,0,0,49517,48395,97912
NEWCASTLE,2009,5,47721,47047,94768,0,0,0,47721,47047,94768
NEWCASTLE,2009,6,43145,41421,84566,0,0,0,43145,41421,84566
NEWCASTLE,2009,7,48327,48162,96489,0,0,0,48327,48162,96489
NEWCASTLE,2009,8,47565,46462,94027,0,0,0,47565,46462,94027
NEWCASTLE,2009,9,47397,45893,93290,0,0,0,47397,45893,93290
NEWCASTLE,2009,10,51128,49831,100959,0,0,0,51128,49831,100959
NEWCASTLE,2009,11,48469,47832,96301,0,0,0,48469,47832,96301
NEWCASTLE,2009,12,47540,45271,92811,0,0,0,47540,45271,92811
NEWCASTLE,2010,1,45797,45624,91421,0,0,0,45797,45624,91421
NEWCASTLE,2010,2,42718,41936,84654,0,0,0,42718,41936,84654
NEWCASTLE,2010,3,50078,48621,98699,0,0,0,50078,48621,98699
NEWCASTLE,2010,4,48456,48416,96872,0,0,0,48456,48416,96872
NEWCASTLE,2010,5,46530,45764,92294,0,0,0,46530,45764,92294
NEWCASTLE,2010,6,45458,44159,89617,0,0,0,45458,44159,89617
NEWCASTLE,2010,7,50443,51540,101983,0,0,0,50443,51540,101983
NEWCASTLE,2010,8,49383,48098,97481,0,0,0,49383,48098,97481
NEWCASTLE,2010,9,50720,51415,102135,0,0,0,50720,51415,102135
NEWCASTLE,2010,10,56398,55577,111975,0,0,0,56398,55577,111975
NEWCASTLE,2010,11,53477,54025,107502,0,0,0,53477,54025,107502
NEWCASTLE,2010,12,57032,54344,111376,0,0,0,57032,54344,111376
NEWCASTLE,2011,1,52920,52748,105668,0,0,0,52920,52748,105668
NEWCASTLE,2011,2,43956,44185,88141,0,0,0,43956,44185,88141
NEWCASTLE,2011,3,50812,51146,101958,0,0,0,50812,51146,101958
NEWCASTLE,2011,4,50766,50560,101326,0,0,0,50766,50560,101326
NEWCASTLE,2011,5,47891,48428,96319,0,0,0,47891,48428,96319
NEWCASTLE,2011,6,42562,42876,85438,0,0,0,42562,42876,85438
NEWCASTLE,2011,7,50065,50800,100865,0,0,0,50065,50800,100865
NEWCASTLE,2011,8,49591,49141,98732,0,0,0,49591,49141,98732
NEWCASTLE,2011,9,50244,51041,101285,0,0,0,50244,51041,101285
NEWCASTLE,2011,10,54573,54387,108960,0,0,0,54573,54387,108960
NEWCASTLE,2011,11,50645,51015,101660,0,0,0,50645,51015,101660
NEWCASTLE,2011,12,51083,49724,100807,0,0,0,51083,49724,100807
NEWCASTLE,2012,1,49790,51020,100810,0,0,0,49790,51020,100810
NEWCASTLE,2012,2,45246,45691,90937,0,0,0,45246,45691,90937
NEWCASTLE,2012,3,52116,51954,104070,0,0,0,52116,51954,104070
NEWCASTLE,2012,4,48292,48472,96764,0,0,0,48292,48472,96764
NEWCASTLE,2012,5,49194,49299,98493,0,0,0,49194,49299,98493
NEWCASTLE,2012,6,45024,45769,90793,0,0,0,45024,45769,90793
NEWCASTLE,2012,7,49547,49194,98741,0,0,0,49547,49194,98741
NEWCASTLE,2012,8,47917,48401,96318,0,0,0,47917,48401,96318
NEWCASTLE,2012,9,49514,50569,100083,0,0,0,49514,50569,100083
NEWCASTLE,2012,10,52465,52025,104490,0,0,0,52465,52025,104490
NEWCASTLE,2012,11,51326,51672,102998,0,0,0,51326,51672,102998
NEWCASTLE,2012,12,50780,49146,99926,0,0,0,50780,49146,99926
NEWCASTLE,2013,1,48720,49719,98439,0,0,0,48720,49719,98439
NEWCASTLE,2013,2,43551,44133,87684,0,0,0,43551,44133,87684
NEWCASTLE,2013,3,51331,50302,101633,0,0,0,51331,50302,101633
NEWCASTLE,2013,4,50378,51919,102297,0,0,0,50378,51919,102297
NEWCASTLE,2013,5,47199,47472,94671,0,0,0,47199,47472,94671
NEWCASTLE,2013,6,45361,45416,90777,0,0,0,45361,45416,90777
NEWCASTLE,2013,7,51960,52133,104093,0,0,0,51960,52133,104093
NEWCASTLE,2013,8,50219,50413,100632,0,0,0,50219,50413,100632
NEWCASTLE,2013,9,51392,52515,103907,0,0,0,51392,52515,103907
NEWCASTLE,2013,10,54572,54561,109133,0,0,0,54572,54561,109133
NEWCASTLE,2013,11,54211,53566,107777,0,0,0,54211,53566,107777
NEWCASTLE,2013,12,53282,52192,105474,0,0,0,53282,52192,105474
NEWCASTLE,2014,1,50137,51529,101666,0,0,0,50137,51529,101666
NEWCASTLE,2014,2,42668,43461,86129,0,0,0,42668,43461,86129
NEWCASTLE,2014,3,50262,50391,100653,0,0,0,50262,50391,100653
NEWCASTLE,2014,4,47587,47954,95541,0,0,0,47587,47954,95541
NEWCASTLE,2014,5,46954,47987,94941,0,0,0,46954,47987,94941
NEWCASTLE,2014,6,45169,45097,90266,0,0,0,45169,45097,90266
NEWCASTLE,2014,7,50510,51019,101529,0,0,0,50510,51019,101529
NEWCASTLE,2014,8,48803,48481,97284,0,0,0,48803,48481,97284
NEWCASTLE,2014,9,49730,50530,100260,0,0,0,49730,50530,100260
NEWCASTLE,2014,10,53687,53479,107166,0,0,0,53687,53479,107166
NEWCASTLE,2014,11,48507,48757,97264,0,0,0,48507,48757,97264
NEWCASTLE,2014,12,48887,46957,95844,0,0,0,48887,46957,95844
NEWCASTLE,2015,1,45820,47358,93178,0,0,0,45820,47358,93178
NEWCASTLE,2015,2,39828,40397,80225,0,0,0,39828,40397,80225
NEWCASTLE,2015,3,46998,46902,93900,0,0,0,46998,46902,93900
NEWCASTLE,2015,4,46382,46468,92850,0,0,0,46382,46468,92850
NEWCASTLE,2015,5,46585,46832,93417,0,0,0,46585,46832,93417
NEWCASTLE,2015,6,45252,45669,90921,0,0,0,45252,45669,90921
NEWCASTLE,2015,7,51791,52088,103879,0,0,0,51791,52088,103879
NEWCASTLE,2015,8,48158,47567,95725,0,0,0,48158,47567,95725
NEWCASTLE,2015,9,49787,50528,100315,0,0,0,49787,50528,100315
NEWCASTLE,2015,10,53226,53114,106340,0,0,0,53226,53114,106340
NEWCASTLE,2015,11,49346,50066,99412,0,0,0,49346,50066,99412
NEWCASTLE,2015,12,50922,49590,100512,0,0,0,50922,49590,100512
NEWCASTLE,2016,1,46952,48275,95227,0,0,0,46952,48275,95227
NEWCASTLE,2016,2,44280,45153,89433,0,0,0,44280,45153,89433
NEWCASTLE,2016,3,50766,50326,101092,0,0,0,50766,50326,101092
NEWCASTLE,2016,4,46121,48685,94806,0,0,0,46121,48685,94806
NEWCASTLE,2016,5,47968,47961,95929,0,0,0,47968,47961,95929
NEWCASTLE,2016,6,46132,46062,92194,0,0,0,46132,46062,92194
NEWCASTLE,2016,7,52867,53175,106042,0,0,0,52867,53175,106042
NEWCASTLE,2016,8,50653,50216,100869,0,0,0,50653,50216,100869
NEWCASTLE,2016,9,53555,54507,108062,0,0,0,53555,54507,108062
NEWCASTLE,2016,10,57411,56414,113825,0,0,0,57411,56414,113825
NEWCASTLE,2016,11,52703,53000,105703,0,0,0,52703,53000,105703
NEWCASTLE,2016,12,54559,53371,107930,0,0,0,54559,53371,107930
NEWCASTLE,2017,1,54287,54089,108376,0,0,0,54287,54089,108376
NEWCASTLE,2017,2,44928,44996,89924,0,0,0,44928,44996,89924
NEWCASTLE,2017,3,51795,52664,104459,0,0,0,51795,52664,104459
NEWCASTLE,2017,4,54660,53913,108573,0,0,0,54660,53913,108573
NEWCASTLE,2017,5,49583,50483,100066,0,0,0,49583,50483,100066
NEWCASTLE,2017,6,47872,47860,95732,0,0,0,47872,47860,95732
NEWCASTLE,2017,7,54242,54374,108616,0,0,0,54242,54374,108616
NEWCASTLE,2017,8,49586,49587,99173,0,0,0,49586,49587,99173
NEWCASTLE,2017,9,54789,55360,110149,0,0,0,54789,55360,110149
NEWCASTLE,2017,10,58070,58060,116130,0,0,0,58070,58060,116130
NEWCASTLE,2017,11,55762,55651,111413,0,0,0,55762,55651,111413
NEWCASTLE,2017,12,56807,55893,112700,0,0,0,56807,55893,112700
NEWCASTLE,2018,1,52052,52721,104773,0,0,0,52052,52721,104773
NEWCASTLE,2018,2,46282,46490,92772,0,0,0,46282,46490,92772
NEWCASTLE,2018,3,53843,53255,107098,0,0,0,53843,53255,107098
NEWCASTLE,2018,4,51911,53359,105270,0,0,0,51911,53359,105270
NEWCASTLE,2018,5,51059,50825,101884,0,0,0,51059,50825,101884
NEWCASTLE,2018,6,47515,47511,95026,0,0,0,47515,47511,95026
NEWCASTLE,2018,7,54305,54782,109087,0,0,0,54305,54782,109087
NEWCASTLE,2018,8,51834,51579,103413,0,0,0,51834,51579,103413
NEWCASTLE,2018,9,50936,50634,101570,0,0,0,50936,50634,101570
NEWCASTLE,2018,10,55775,56109,111884,0,0,0,55775,56109,111884
NEWCASTLE,2018,11,55787,56252,112039,295,279,574,56082,56531,112613
NEWCASTLE,2018,12,53528,52785,106313,1004,1162,2166,54532,53947,108479
NEWCASTLE,2019,1,53197,53766,106963,1575,1278,2853,54772,55044,109816
NEWCASTLE,2019,2,45697,46100,91797,619,475,1094,46316,46575,92891
NEWCASTLE,2019,3,53342,53523,106865,0,0,0,53342,53523,106865
NEWCASTLE,2019,4,53436,53930,107366,0,0,0,53436,53930,107366
NEWCASTLE,2019,5,51067,51398,102465,0,0,0,51067,51398,102465
NEWCASTLE,2019,6,49209,48677,97886,0,0,0,49209,48677,97886
NEWCASTLE,2019,7,54497,55290,109787,0,0,0,54497,55290,109787
NEWCASTLE,2019,8,52640,51999,104639,0,0,0,52640,51999,104639
NEWCASTLE,2019,9,53249,53411,106660,0,0,0,53249,53411,106660
NEWCASTLE,2019,10,59321,59179,118500,0,0,0,59321,59179,118500
NEWCASTLE,2019,11,55892,55878,111770,265,364,629,56157,56242,112399
NEWCASTLE,2019,12,53867,52369,106236,1225,1323,2548,55092,53692,108784
NEWCASTLE,2020,1,52332,52937,105269,1665,1425,3090,53997,54362,108359
NEWCASTLE,2020,2,46233,46207,92440,625,479,1104,46858,46686,93544
NEWCASTLE,2020,3,31344,30200,61544,0,0,0,31344,30200,61544
NEWCASTLE,2020,4,247,189,436,0,0,0,247,189,436
NEWCASTLE,2020,5,202,203,405,0,0,0,202,203,405
NEWCASTLE,2020,6,1087,1016,2103,0,0,0,1087,1016,2103
NEWCASTLE,2020,7,7474,8291,15765,0,0,0,7474,8291,15765
NEWCASTLE,2020,8,3077,2296,5373,0,0,0,3077,2296,5373
NEWCASTLE,2020,9,812,823,1635,0,0,0,812,823,1635
NEWCASTLE,2020,10,1179,914,2093,0,0,0,1179,914,2093
NEWCASTLE,2020,11,15158,15305,30463,0,0,0,15158,15305,30463
NEWCASTLE,2020,12,31394,32309,63703,0,0,0,31394,32309,63703
NEWCASTLE,2021,1,18498,18060,36558,0,0,0,18498,18060,36558
NEWCASTLE,2021,2,23499,24066,47565,0,0,0,23499,24066,47565
NEWCASTLE,2021,3,31863,31887,63750,0,0,0,31863,31887,63750
NEWCASTLE,2021,4,39497,39748,79245,0,0,0,39497,39748,79245
NEWCASTLE,2021,5,38360,38721,77081,0,0,0,38360,38721,77081
NEWCASTLE,2021,6,27885,29026,56911,0,0,0,27885,29026,56911
NEWCASTLE,2021,7,13291,11879,25170,0,0,0,13291,11879,25170
NEWCASTLE,2021,8,1301,984,2285,0,0,0,1301,984,2285
NEWCASTLE,2021,9,831,603,1434,0,0,0,831,603,1434
NEWCASTLE,2021,10,1504,1372,2876,0,0,0,1504,1372,2876
NEWCASTLE,2021,11,9886,9765,19651,0,0,0,9886,9765,19651
NEWCASTLE,2021,12,23849,23949,47798,0,0,0,23849,23949,47798
NEWCASTLE,2022,1,26741,27333,54074,0,0,0,26741,27333,54074
NEWCASTLE,2022,2,26946,27306,54252,0,0,0,26946,27306,54252
NEWCASTLE,2022,3,39436,39485,78921,0,0,0,39436,39485,78921
NEWCASTLE,2022,4,53597,53244,106841,0,0,0,53597,53244,106841
NEWCASTLE,2022,5,46049,46899,92948,0,0,0,46049,46899,92948
NEWCASTLE,2022,6,43845,43965,87810,0,0,0,43845,43965,87810
NEWCASTLE,2022,7,45478,46645,92123,0,0,0,45478,46645,92123
NEWCASTLE,2022,8,42540,42309,84849,0,0,0,42540,42309,84849
NEWCASTLE,2022,9,45920,47185,93105,0,0,0,45920,47185,93105
NEWCASTLE,2022,10,49971,48395,98366,0,0,0,49971,48395,98366
NEWCASTLE,2022,11,47167,47413,94580,0,0,0,47167,47413,94580
NEWCASTLE,2022,12,43492,41951,85443,0,0,0,43492,41951,85443
NEWCASTLE,2023,1,42531,42760,85291,0,0,0,42531,42760,85291
NEWCASTLE,2023,2,38929,39363,78292,0,0,0,38929,39363,78292
NEWCASTLE,2023,3,47410,47959,95369,0,0,0,47410,47959,95369
NEWCASTLE,2023,4,48406,48215,96621,0,0,0,48406,48215,96621
NEWCASTLE,2023,5,47200,47583,94783,0,0,0,47200,47583,94783
NEWCASTLE,2023,6,45514,45830,91344,0,0,0,45514,45830,91344
NEWCASTLE,2023,7,51559,52371,103930,0,0,0,51559,52371,103930
NEWCASTLE,2023,8,49184,48597,97781,0,0,0,49184,48597,97781
NEWCASTLE,2023,9,51857,52814,104671,0,0,0,51857,52814,104671
NEWCASTLE,2023,10,55192,53632,108824,0,0,0,55192,53632,108824
NEWCASTLE,2023,11,52195,52542,104737,0,0,0,52195,52542,104737
NEWCASTLE,2023,12,50426,49127,99553,0,0,0,50426,49127,99553
NEWCASTLE,2024,1,45851,46678,92529,0,0,0,45851,46678,92529
NEWCASTLE,2024,2,46964,47233,94197,0,0,0,46964,47233,94197
NEWCASTLE,2024,3,51856,51103,102959,0,0,0,51856,51103,102959
NEWCASTLE,2024,4,51219,52873,104092,0,0,0,51219,52873,104092
NEWCASTLE,2024,5,48387,48714,97101,0,0,0,48387,48714,97101
NEWCASTLE,2024,6,45854,44939,90793,0,0,0,45854,44939,90793
PERTH,2009,1,284420,288108,572528,145541,115339,260880,429961,403447,833408
PERTH,2009,2,240828,246457,487285,108734,82162,190896,349562,328619,678181
PERTH,2009,3,290377,290272,580649,101113,102056,203169,391490,392328,783818
PERTH,2009,4,289319,288945,578264,108813,114652,223465,398132,403597,801729
PERTH,2009,5,273757,276679,550436,91788,105108,196896,365545,381787,747332
PERTH,2009,6,263657,260439,524096,98608,114593,213201,362265,375032,737297
PERTH,2009,7,300210,303804,604014,128152,112281,240433,428362,416085,844447
PERTH,2009,8,287863,285473,573336,110726,106906,217632,398589,392379,790968
PERTH,2009,9,292571,296351,588922,121982,120913,242895,414553,417264,831817
PERTH,2009,10,308512,308055,616567,143712,114485,258197,452224,422540,874764
PERTH,2009,11,287543,289705,577248,124069,119648,243717,411612,409353,820965
PERTH,2009,12,296308,291384,587692,128445,154911,283356,424753,446295,871048
PERTH,2010,1,286464,288436,574900,162965,132416,295381,449429,420852,870281
PERTH,2010,2,257710,260696,518406,121055,104937,225992,378765,365633,744398
PERTH,2010,3,310802,308441,619243,123514,128335,251849,434316,436776,871092
PERTH,2010,4,302872,302407,605279,120962,123936,244898,423834,426343,850177
PERTH,2010,5,287923,286187,574110,104309,114443,218752,392232,400630,792862
PERTH,2010,6,287123,283871,570994,115473,143302,258775,402596,427173,829769
PERTH,2010,7,318123,322413,640536,152709,129033,281742,470832,451446,922278
PERTH,2010,8,308752,304122,612874,124979,124766,249745,433731,428888,862619
PERTH,2010,9,318333,314362,632695,135453,138472,273925,453786,452834,906620
PERTH,2010,10,334601,336074,670675,159154,123118,282272,493755,459192,952947
PERTH,2010,11,319379,318384,637763,126434,125609,252043,445813,443993,889806
PERTH,2010,12,334075,328303,662378,132438,165897,298335,466513,494200,960713
PERTH,2011,1,314220,319155,633375,181208,142653,323861,495428,461808,957236
PERTH,2011,2,274070,276149,550219,132824,109037,241861,406894,385186,792080
PERTH,2011,3,330530,331084,661614,123725,124375,248100,454255,455459,909714
PERTH,2011,4,329318,332212,661530,128507,145585,274092,457825,477797,935622
PERTH,2011,5,334896,330573,665469,126487,127062,253549,461383,457635,919018
PERTH,2011,6,309801,305518,615319,122825,142806,265631,432626,448324,880950
PERTH,2011,7,350500,356774,707274,161562,144998,306560,512062,501772,1013834
PERTH,2011,8,351078,345010,696088,139530,127583,267113,490608,472593,963201
PERTH,2011,9,346669,345169,691838,140559,144486,285045,487228,489655,976883
PERTH,2011,10,352748,356350,709098,165756,135565,301321,518504,491915,1010419
PERTH,2011,11,358408,357742,716150,137757,132561,270318,496165,490303,986468
PERTH,2011,12,360465,347593,708058,136199,175818,312017,496664,523411,1020075
PERTH,2012,1,352760,360850,713610,188945,147847,336792,541705,508697,1050402
PERTH,2012,2,325182,329065,654247,144942,116154,261096,470124,445219,915343
PERTH,2012,3,372895,368765,741660,139493,142470,281963,512388,511235,1023623
PERTH,2012,4,369818,366259,736077,146446,153732,300178,516264,519991,1036255
PERTH,2012,5,368165,369693,737858,123171,135126,258297,491336,504819,996155
PERTH,2012,6,360736,354342,715078,134790,154268,289058,495526,508610,1004136
PERTH,2012,7,398586,400597,799183,173443,149645,323088,572029,550242,1122271
PERTH,2012,8,387883,387138,775021,144289,142521,286810,532172,529659,1061831
PERTH,2012,9,384328,379508,763836,155108,155652,310760,539436,535160,1074596
PERTH,2012,10,413707,419032,832739,183232,146786,330018,596939,565818,1162757
PERTH,2012,11,386062,384542,770604,147270,146048,293318,533332,530590,1063922
PERTH,2012,12,380373,379285,759658,150447,196943,347390,530820,576228,1107048
PERTH,2013,1,373730,383134,756864,208925,159037,367962,582655,542171,1124826
PERTH,2013,2,322002,320456,642458,152007,126370,278377,474009,446826,920835
PERTH,2013,3,381463,380000,761463,151995,151384,303379,533458,531384,1064842
PERTH,2013,4,381375,393724,775099,143640,162889,306529,525015,556613,1081628
PERTH,2013,5,380024,373231,753255,144424,147124,291548,524448,520355,1044803
PERTH,2013,6,357261,342828,700089,141523,160898,302421,498784,503726,1002510
PERTH,2013,7,398806,412089,810895,187095,169847,356942,585901,581936,1167837
PERTH,2013,8,373945,373517,747462,161495,159005,320500,535440,532522,1067962
PERTH,2013,9,373714,373591,747305,166260,169413,335673,539974,543004,1082978
PERTH,2013,10,403993,403832,807825,196425,152043,348468,600418,555875,1156293
PERTH,2013,11,363121,362817,725938,156917,153245,310162,520038,516062,1036100
PERTH,2013,12,377892,375327,753219,170531,227348,397879,548423,602675,1151098
PERTH,2014,1,373794,384806,758600,244756,188565,433321,618550,573371,1191921
PERTH,2014,2,323572,327180,650752,165809,138879,304688,489381,466059,955440
PERTH,2014,3,368083,363511,731594,157118,158112,315230,525201,521623,1046824
PERTH,2014,4,381317,385947,767264,174325,184451,358776,555642,570398,1126040
PERTH,2014,5,350939,355327,706266,142723,158400,301123,493662,513727,1007389
PERTH,2014,6,342876,330153,673029,145966,170833,316799,488842,500986,989828
PERTH,2014,7,377458,391848,769306,205965,178812,384777,583423,570660,1154083
PERTH,2014,8,361356,358479,719835,163905,166519,330424,525261,524998,1050259
PERTH,2014,9,362782,366423,729205,179961,181406,361367,542743,547829,1090572
PERTH,2014,10,398992,401561,800553,204204,158932,363136,603196,560493,1163689
PERTH,2014,11,356660,355399,712059,158386,156950,315336,515046,512349,1027395
PERTH,2014,12,369737,370319,740056,173480,221950,395430,543217,592269,1135486
PERTH,2015,1,351624,358420,710044,238626,184382,423008,590250,542802,1133052
PERTH,2015,2,302620,312158,614778,169685,144653,314338,472305,456811,929116
PERTH,2015,3,359400,351127,710527,160418,167454,327872,519818,518581,1038399
PERTH,2015,4,363209,360074,723283,168302,173956,342258,531511,534030,1065541
PERTH,2015,5,331242,334104,665346,143271,158138,301409,474513,492242,966755
PERTH,2015,6,334331,315818,650149,147906,177716,325622,482237,493534,975771
PERTH,2015,7,373233,391420,764653,204453,182039,386492,577686,573459,1151145
PERTH,2015,8,345804,339311,685115,168066,167076,335142,513870,506387,1020257
PERTH,2015,9,345190,354353,699543,175801,178626,354427,520991,532979,1053970
PERTH,2015,10,376349,371879,748228,201257,159865,361122,577606,531744,1109350
PERTH,2015,11,350883,348296,699179,161118,156852,317970,512001,505148,1017149
PERTH,2015,12,366185,364502,730687,177833,225340,403173,544018,589842,1133860
PERTH,2016,1,339718,348882,688600,239957,194026,433983,579675,542908,1122583
PERTH,2016,2,298463,306771,605234,183022,150969,333991,481485,457740,939225
PERTH,2016,3,351129,344678,695807,169100,174373,343473,520229,519051,1039280
PERTH,2016,4,339551,343860,683411,172768,180423,353191,512319,524283,1036602
PERTH,2016,5,323448,324678,648126,149078,158887,307965,472526,483565,956091
PERTH,2016,6,319153,317203,636356,153342,186840,340182,472495,504043,976538
PERTH,2016,7,345310,359636,704946,217460,185918,403378,562770,545554,1108324
PERTH,2016,8,333833,330911,664744,172310,168899,341209,506143,499810,1005953
PERTH,2016,9,345591,347858,693449,187478,191734,379212,533069,539592,1072661
PERTH,2016,10,353502,358906,712408,212243,166592,378835,565745,525498,1091243
PERTH,2016,11,336632,340980,677612,168867,172050,340917,505499,513030,1018529
PERTH,2016,12,361956,352837,714793,188630,234209,422839,550586,587046,1137632
PERTH,2017,1,337758,352883,690641,239999,196653,436652,577757,549536,1127293
PERTH,2017,2,281671,288163,569834,181235,146779,328014,462906,434942,897848
PERTH,2017,3,331242,332208,663450,168813,174935,343748,500055,507143,1007198
PERTH,2017,4,335208,333755,668963,185833,193652,379485,521041,527407,1048448
PERTH,2017,5,318488,324138,642626,155396,165738,321134,473884,489876,963760
PERTH,2017,6,310500,312126,622626,158255,190155,348410,468755,502281,971036
PERTH,2017,7,348994,352709,701703,211701,182304,394005,560695,535013,1095708
PERTH,2017,8,329875,328372,658247,174162,171298,345460,504037,499670,1003707
PERTH,2017,9,330208,335505,665713,183141,189091,372232,513349,524596,1037945
PERTH,2017,10,356818,357901,714719,209573,167158,376731,566391,525059,1091450
PERTH,2017,11,340894,340217,681111,166263,164421,330684,507157,504638,1011795
PERTH,2017,12,359066,346366,705432,183881,225031,408912,542947,571397,1114344
PERTH,2018,1,338970,354520,693490,230724,190208,420932,569694,544728,1114422
PERTH,2018,2,293234,294222,587456,173590,147109,320699,466824,441331,908155
PERTH,2018,3,347889,339031,686920,172623,178886,351509,520512,517917,1038429
PERTH,2018,4,338271,345743,684014,171396,184847,356243,509667,530590,1040257
PERTH,2018,5,332088,332706,664794,156686,164906,321592,488774,497612,986386
PERTH,2018,6,310124,310390,620514,160492,195155,355647,470616,505545,976161
PERTH,2018,7,356414,360646,717060,216000,180045,396045,572414,540691,1113105
PERTH,2018,8,334133,329291,663424,178516,178586,357102,512649,507877,1020526
PERTH,2018,9,339438,345477,684915,182920,187834,370754,522358,533311,1055669
PERTH,2018,10,367669,363399,731068,199858,160469,360327,567527,523868,1091395
PERTH,2018,11,346125,341988,688113,168215,169049,337264,514340,511037,1025377
PERTH,2018,12,353421,336559,689980,187566,230291,417857,540987,566850,1107837
PERTH,2019,1,333792,355008,688800,230405,191656,422061,564197,546664,1110861
PERTH,2019,2,292431,290188,582619,177469,147449,324918,469900,437637,907537
PERTH,2019,3,327527,324347,651874,163843,169358,333201,491370,493705,985075
PERTH,2019,4,344871,346786,691657,171753,185698,357451,516624,532484,1049108
PERTH,2019,5,329652,330261,659913,158107,163144,321251,487759,493405,981164
PERTH,2019,6,315356,306689,622045,155018,180664,335682,470374,487353,957727
PERTH,2019,7,362677,370477,733154,203301,180135,383436,565978,550612,1116590
PERTH,2019,8,343016,336164,679180,180370,178650,359020,523386,514814,1038200
PERTH,2019,9,339702,339996,679698,180961,185024,365985,520663,525020,1045683
PERTH,2019,10,377209,376475,753684,205797,171561,377358,583006,548036,1131042
PERTH,2019,11,348086,343342,691428,180935,176849,357784,529021,520191,1049212
PERTH,2019,12,367525,348759,716284,190795,234238,425033,558320,582997,1141317
PERTH,2020,1,336945,359009,695954,238157,204575,442732,575102,563584,1138686
PERTH,2020,2,297652,300717,598369,169482,135267,304749,467134,435984,903118
PERTH,2020,3,233956,226081,460037,93680,84820,178500,327636,310901,638537
PERTH,2020,4,17595,17136,34731,1696,5422,7118,19291,22558,41849
PERTH,2020,5,15780,17204,32984,1141,2285,3426,16921,19489,36410
PERTH,2020,6,29887,31756,61643,1652,2469,4121,31539,34225,65764
PERTH,2020,7,53442,55274,108716,2702,3866,6568,56144,59140,115284
PERTH,2020,8,58156,59012,117168,2038,4142,6180,60194,63154,123348
PERTH,2020,9,78515,75161,153676,2038,2786,4824,80553,77947,158500
PERTH,2020,10,90005,84295,174300,3497,3203,6700,93502,87498,181000
PERTH,2020,11,104170,101412,205582,3648,2905,6553,107818,104317,212135
PERTH,2020,12,163235,140723,303958,4096,3393,7489,167331,144116,311447
PERTH,2021,1,119606,135005,254611,2997,2688,5685,122603,137693,260296
PERTH,2021,2,93691,89784,183475,2249,2109,4358,95940,91893,187833
PERTH,2021,3,192521,185740,378261,3573,2357,5930,196094,188097,384191
PERTH,2021,4,218279,219323,437602,4569,3900,8469,222848,223223,446071
PERTH,2021,5,225194,227822,453016,5451,6428,11879,230645,234250,464895
PERTH,2021,6,203405,200554,403959,6887,6448,13335,210292,207002,417294
PERTH,2021,7,134985,136530,271515,6570,7980,14550,141555,144510,286065
PERTH,2021,8,136243,132964,269207,2894,2954,5848,139137,135918,275055
PERTH,2021,9,159249,151192,310441,1316,2728,4044,160565,153920,314485
PERTH,2021,10,159047,153702,312749,1436,3048,4484,160483,156750,317233
PERTH,2021,11,166141,163799,329940,1295,4178,5473,167436,167977,335413
PERTH,2021,12,129919,119443,249362,1660,4936,6596,131579,124379,255958
PERTH,2022,1,82324,99652,181976,916,5815,6731,83240,105467,188707
PERTH,2022,2,111832,92555,204387,1334,6318,7652,113166,98873,212039
PERTH,2022,3,199907,187184,387091,26166,19622,45788,226073,206806,432879
PERTH,2022,4,280604,273619,554223,49607,50958,100565,330211,324577,654788
PERTH,2022,5,291176,291762,582938,56675,62118,118793,347851,353880,701731
PERTH,2022,6,313411,307999,621410,71995,88871,160866,385406,396870,782276
PERTH,2022,7,331277,332116,663393,106979,99663,206642,438256,431779,870035
PERTH,2022,8,323527,315687,639214,108969,97490,206459,432496,413177,845673
PERTH,2022,9,337380,333644,671024,115510,109928,225438,452890,443572,896462
PERTH,2022,10,348557,343902,692459,128126,104582,232708,476683,448484,925167
PERTH,2022,11,334653,333409,668062,131657,129121,260778,466310,462530,928840
PERTH,2022,12,346758,326265,673023,132960,165623,298583,479718,491888,971606
PERTH,2023,1,330336,344735,675071,177450,145653,323103,507786,490388,998174
PERTH,2023,2,290466,295779,586245,156832,116727,273559,447298,412506,859804
PERTH,2023,3,356856,349462,706318,151270,150223,301493,508126,499685,1007811
PERTH,2023,4,340147,338989,679136,146858,155633,302491,487005,494622,981627
PERTH,2023,5,338963,338929,677892,142937,152065,295002,481900,490994,972894
PERTH,2023,6,324425,321743,646168,144937,167385,312322,469362,489128,958490
PERTH,2023,7,353381,350117,703498,180536,159180,339716,533917,509297,1043214
PERTH,2023,8,350137,343829,693966,172116,161123,333239,522253,504952,1027205
PERTH,2023,9,351260,350195,701455,172558,172998,345556,523818,523193,1047011
PERTH,2023,10,380166,376282,756448,186428,154767,341195,566594,531049,1097643
PERTH,2023,11,373193,369375,742568,168455,169862,338317,541648,539237,1080885
PERTH,2023,12,361408,348658,710066,170872,208971,379843,532280,557629,1089909
PERTH,2024,1,346887,354720,701607,223269,182147,405416,570156,536867,1107023
PERTH,2024,2,318078,319200,637278,189649,159940,349589,507727,479140,986867
PERTH,2024,3,351087,351770,702857,176149,191162,367311,527236,542932,1070168
PERTH,2024,4,365926,364480,730406,188116,182632,370748,554042,547112,1101154
PERTH,2024,5,361102,354215,715317,170679,186609,357288,531781,540824,1072605
PERTH,2024,6,328910,332286,661196,183043,219045,402088,511953,551331,1063284
PROSERPINE,2009,1,9759,10028,19787,0,0,0,9759,10028,19787
PROSERPINE,2009,2,8023,8035,16058,0,0,0,8023,8035,16058
PROSERPINE,2009,3,9231,9060,18291,0,0,0,9231,9060,18291
PROSERPINE,2009,4,9051,8963,18014,0,0,0,9051,8963,18014
PROSERPINE,2009,5,8790,8663,17453,0,0,0,8790,8663,17453
PROSERPINE,2009,6,8879,8321,17200,0,0,0,8879,8321,17200
PROSERPINE,2009,7,9449,9351,18800,0,0,0,9449,9351,18800
PROSERPINE,2009,8,9981,9559,19540,0,0,0,9981,9559,19540
PROSERPINE,2009,9,9765,9403,19168,0,0,0,9765,9403,19168
PROSERPINE,2009,10,9888,9861,19749,0,0,0,9888,9861,19749
PROSERPINE,2009,11,9402,9459,18861,0,0,0,9402,9459,18861
PROSERPINE,2009,12,9015,8928,17943,0,0,0,9015,8928,17943
PROSERPINE,2010,1,8569,8729,17298,0,0,0,8569,8729,17298
PROSERPINE,2010,2,7896,7966,15862,0,0,0,7896,7966,15862
PROSERPINE,2010,3,8101,7673,15774,0,0,0,8101,7673,15774
PROSERPINE,2010,4,8558,8647,17205,0,0,0,8558,8647,17205
PROSERPINE,2010,5,8348,8171,16519,0,0,0,8348,8171,16519
PROSERPINE,2010,6,8678,8222,16900,0,0,0,8678,8222,16900
PROSERPINE,2010,7,9127,9290,18417,0,0,0,9127,9290,18417
PROSERPINE,2010,8,9331,9217,18548,0,0,0,9331,9217,18548
PROSERPINE,2010,9,9302,8925,18227,0,0,0,9302,8925,18227
PROSERPINE,2010,10,9539,9830,19369,0,0,0,9539,9830,19369
PROSERPINE,2010,11,9102,9345,18447,0,0,0,9102,9345,18447
PROSERPINE,2010,12,8927,9023,17950,0,0,0,8927,9023,17950
PROSERPINE,2011,1,8548,9026,17574,0,0,0,8548,9026,17574
PROSERPINE,2011,2,6418,6268,12686,0,0,0,6418,6268,12686
PROSERPINE,2011,3,7831,7688,15519,0,0,0,7831,7688,15519
PROSERPINE,2011,4,8488,7992,16480,0,0,0,8488,7992,16480
PROSERPINE,2011,5,7869,8354,16223,0,0,0,7869,8354,16223
PROSERPINE,2011,6,8128,7868,15996,0,0,0,8128,7868,15996
PROSERPINE,2011,7,8846,9327,18173,0,0,0,8846,9327,18173
PROSERPINE,2011,8,9402,9331,18733,0,0,0,9402,9331,18733
PROSERPINE,2011,9,9391,9255,18646,0,0,0,9391,9255,18646
PROSERPINE,2011,10,9297,10130,19427,0,0,0,9297,10130,19427
PROSERPINE,2011,11,8801,9178,17979,0,0,0,8801,9178,17979
PROSERPINE,2011,12,8660,8846,17506,0,0,0,8660,8846,17506
PROSERPINE,2012,1,8341,9156,17497,0,0,0,8341,9156,17497
PROSERPINE,2012,2,6920,7168,14088,0,0,0,6920,7168,14088
PROSERPINE,2012,3,8938,8905,17843,0,0,0,8938,8905,17843
PROSERPINE,2012,4,9609,9807,19416,0,0,0,9609,9807,19416
PROSERPINE,2012,5,8904,8908,17812,0,0,0,8904,8908,17812
PROSERPINE,2012,6,9301,9162,18463,0,0,0,9301,9162,18463
PROSERPINE,2012,7,10319,11294,21613,0,0,0,10319,11294,21613
PROSERPINE,2012,8,10138,10349,20487,0,0,0,10138,10349,20487
PROSERPINE,2012,9,10437,10276,20713,0,0,0,10437,10276,20713
PROSERPINE,2012,10,10843,11896,22739,0,0,0,10843,11896,22739
PROSERPINE,2012,11,10473,11118,21591,0,0,0,10473,11118,21591
PROSERPINE,2012,12,10298,10253,20551,0,0,0,10298,10253,20551
PROSERPINE,2013,1,9638,10945,20583,0,0,0,9638,10945,20583
PROSERPINE,2013,2,7633,8097,15730,0,0,0,7633,8097,15730
PROSERPINE,2013,3,8850,8511,17361,0,0,0,8850,8511,17361
PROSERPINE,2013,4,9351,9764,19115,0,0,0,9351,9764,19115
PROSERPINE,2013,5,8365,8543,16908,0,0,0,8365,8543,16908
PROSERPINE,2013,6,9031,8630,17661,0,0,0,9031,8630,17661
PROSERPINE,2013,7,10322,10873,21195,0,0,0,10322,10873,21195
PROSERPINE,2013,8,10085,10227,20312,0,0,0,10085,10227,20312
PROSERPINE,2013,9,10706,10345,21051,0,0,0,10706,10345,21051
PROSERPINE,2013,10,10719,11531,22250,0,0,0,10719,11531,22250
PROSERPINE,2013,11,10092,10543,20635,0,0,0,10092,10543,20635
PROSERPINE,2013,12,10679,10922,21601,0,0,0,10679,10922,21601
PROSERPINE,2014,1,9634,10866,20500,0,0,0,9634,10866,20500
PROSERPINE,2014,2,8002,8286,16288,0,0,0,8002,8286,16288
PROSERPINE,2014,3,8991,9140,18131,0,0,0,8991,9140,18131
PROSERPINE,2014,4,11099,11015,22114,0,0,0,11099,11015,22114
PROSERPINE,2014,5,10032,10275,20307,0,0,0,10032,10275,20307
PROSERPINE,2014,6,10204,9879,20083,0,0,0,10204,9879,20083
PROSERPINE,2014,7,11761,12275,24036,0,0,0,11761,12275,24036
PROSERPINE,2014,8,11678,11905,23583,0,0,0,11678,11905,23583
PROSERPINE,2014,9,12473,11757,24230,0,0,0,12473,11757,24230
PROSERPINE,2014,10,12509,13521,26030,0,0,0,12509,13521,26030
PROSERPINE,2014,11,11784,12206,23990,0,0,0,11784,12206,23990
PROSERPINE,2014,12,12741,12305,25046,0,0,0,12741,12305,25046
PROSERPINE,2015,1,11693,13093,24786,0,0,0,11693,13093,24786
PROSERPINE,2015,2,10227,10566,20793,0,0,0,10227,10566,20793
PROSERPINE,2015,3,10755,10474,21229,0,0,0,10755,10474,21229
PROSERPINE,2015,4,12229,12530,24759,0,0,0,12229,12530,24759
PROSERPINE,2015,5,10253,10481,20734,0,0,0,10253,10481,20734
PROSERPINE,2015,6,11392,10240,21632,0,0,0,11392,10240,21632
PROSERPINE,2015,7,15081,15626,30707,0,0,0,15081,15626,30707
PROSERPINE,2015,8,14836,15049,29885,0,0,0,14836,15049,29885
PROSERPINE,2015,9,15547,14935,30482,0,0,0,15547,14935,30482
PROSERPINE,2015,10,15690,16533,32223,0,0,0,15690,16533,32223
PROSERPINE,2015,11,14857,15355,30212,0,0,0,14857,15355,30212
PROSERPINE,2015,12,15727,15960,31687,0,0,0,15727,15960,31687
PROSERPINE,2016,1,14831,16301,31132,0,0,0,14831,16301,31132
PROSERPINE,2016,2,13452,13838,27290,0,0,0,13452,13838,27290
PROSERPINE,2016,3,14101,13833,27934,0,0,0,14101,13833,27934
PROSERPINE,2016,4,13458,13972,27430,0,0,0,13458,13972,27430
PROSERPINE,2016,5,11882,12342,24224,0,0,0,11882,12342,24224
PROSERPINE,2016,6,12667,12157,24824,0,0,0,12667,12157,24824
PROSERPINE,2016,7,14239,14944,29183,0,0,0,14239,14944,29183
PROSERPINE,2016,8,14357,14671,29028,0,0,0,14357,14671,29028
PROSERPINE,2016,9,15023,14654,29677,0,0,0,15023,14654,29677
PROSERPINE,2016,10,15452,16245,31697,0,0,0,15452,16245,31697
PROSERPINE,2016,11,13699,13958,27657,0,0,0,13699,13958,27657
PROSERPINE,2016,12,16488,16274,32762,0,0,0,16488,16274,32762
PROSERPINE,2017,1,15556,16081,31637,0,0,0,15556,16081,31637
PROSERPINE,2017,2,12029,12292,24321,0,0,0,12029,12292,24321
PROSERPINE,2017,3,11513,11715,23228,0,0,0,11513,11715,23228
PROSERPINE,2017,4,15691,14923,30614,0,0,0,15691,14923,30614
PROSERPINE,2017,5,14840,15408,30248,0,0,0,14840,15408,30248
PROSERPINE,2017,6,16820,16200,33020,0,0,0,16820,16200,33020
PROSERPINE,2017,7,20625,20398,41023,0,0,0,20625,20398,41023
PROSERPINE,2017,8,19617,19839,39456,0,0,0,19617,19839,39456
PROSERPINE,2017,9,21317,20693,42010,0,0,0,21317,20693,42010
PROSERPINE,2017,10,21185,22462,43647,0,0,0,21185,22462,43647
PROSERPINE,2017,11,20533,20773,41306,0,0,0,20533,20773,41306
PROSERPINE,2017,12,22559,22502,45061,0,0,0,22559,22502,45061
PROSERPINE,2018,1,21993,22945,44938,0,0,0,21993,22945,44938
PROSERPINE,2018,2,18462,18792,37254,0,0,0,18462,18792,37254
PROSERPINE,2018,3,18620,18345,36965,0,0,0,18620,18345,36965
PROSERPINE,2018,4,17833,18279,36112,0,0,0,17833,18279,36112
PROSERPINE,2018,5,15367,15854,31221,0,0,0,15367,15854,31221
PROSERPINE,2018,6,15845,15120,30965,0,0,0,15845,15120,30965
PROSERPINE,2018,7,19896,20072,39968,0,0,0,19896,20072,39968
PROSERPINE,2018,8,18869,19086,37955,0,0,0,18869,19086,37955
PROSERPINE,2018,9,19247,19046,38293,0,0,0,19247,19046,38293
PROSERPINE,2018,10,20304,21563,41867,0,0,0,20304,21563,41867
PROSERPINE,2018,11,17771,18077,35848,0,0,0,17771,18077,35848
PROSERPINE,2018,12,18653,18536,37189,0,0,0,18653,18536,37189
PROSERPINE,2019,1,18536,19795,38331,0,0,0,18536,19795,38331
PROSERPINE,2019,2,14441,14851,29292,0,0,0,14441,14851,29292
PROSERPINE,2019,3,16209,16151,32360,0,0,0,16209,16151,32360
PROSERPINE,2019,4,19048,18648,37696,0,0,0,19048,18648,37696
PROSERPINE,2019,5,15733,16071,31804,0,0,0,15733,16071,31804
PROSERPINE,2019,6,14909,14476,29385,0,0,0,14909,14476,29385
PROSERPINE,2019,7,19243,19486,38729,0,0,0,19243,19486,38729
PROSERPINE,2019,8,18760,19214,37974,0,0,0,18760,19214,37974
PROSERPINE,2019,9,19881,19373,39254,0,0,0,19881,19373,39254
PROSERPINE,2019,10,20514,21411,41925,0,0,0,20514,21411,41925
PROSERPINE,2019,11,18567,19106,37673,0,0,0,18567,19106,37673
PROSERPINE,2019,12,19715,19276,38991,0,0,0,19715,19276,38991
PROSERPINE,2020,1,20126,21409,41535,0,0,0,20126,21409,41535
PROSERPINE,2020,2,12850,13192,26042,0,0,0,12850,13192,26042
PROSERPINE,2020,3,9929,10658,20587,0,0,0,9929,10658,20587
PROSERPINE,2020,4,0,0,0,0,0,0,0,0,0
PROSERPINE,2020,5,0,0,0,0,0,0,0,0,0
PROSERPINE,2020,6,1266,1092,2358,0,0,0,1266,1092,2358
PROSERPINE,2020,7,8432,7792,16224,0,0,0,8432,7792,16224
PROSERPINE,2020,8,6557,6821,13378,0,0,0,6557,6821,13378
PROSERPINE,2020,9,8761,8067,16828,0,0,0,8761,8067,16828
PROSERPINE,2020,10,10239,10590,20829,0,0,0,10239,10590,20829
PROSERPINE,2020,11,9820,9923,19743,0,0,0,9820,9923,19743
PROSERPINE,2020,12,14433,13709,28142,0,0,0,14433,13709,28142
PROSERPINE,2021,1,11119,12490,23609,0,0,0,11119,12490,23609
PROSERPINE,2021,2,10299,10213,20512,0,0,0,10299,10213,20512
PROSERPINE,2021,3,14453,14016,28469,0,0,0,14453,14016,28469
PROSERPINE,2021,4,16223,16212,32435,0,0,0,16223,16212,32435
PROSERPINE,2021,5,14345,14464,28809,0,0,0,14345,14464,28809
PROSERPINE,2021,6,12513,11710,24223,0,0,0,12513,11710,24223
PROSERPINE,2021,7,10540,12183,22723,0,0,0,10540,12183,22723
PROSERPINE,2021,8,5865,6188,12053,0,0,0,5865,6188,12053
PROSERPINE,2021,9,12203,11000,23203,0,0,0,12203,11000,23203
PROSERPINE,2021,10,13044,13649,26693,0,0,0,13044,13649,26693
PROSERPINE,2021,11,13440,13706,27146,0,0,0,13440,13706,27146
PROSERPINE,2021,12,18479,16683,35162,0,0,0,18479,16683,35162
PROSERPINE,2022,1,18897,20768,39665,0,0,0,18897,20768,39665
PROSERPINE,2022,2,13561,13586,27147,0,0,0,13561,13586,27147
PROSERPINE,2022,3,17193,16632,33825,0,0,0,17193,16632,33825
PROSERPINE,2022,4,23962,23356,47318,0,0,0,23962,23356,47318
PROSERPINE,2022,5,18836,18806,37642,0,0,0,18836,18806,37642
PROSERPINE,2022,6,19622,18549,38171,0,0,0,19622,18549,38171
PROSERPINE,2022,7,20815,21527,42342,0,0,0,20815,21527,42342
PROSERPINE,2022,8,19834,20075,39909,0,0,0,19834,20075,39909
PROSERPINE,2022,9,21583,21160,42743,0,0,0,21583,21160,42743
PROSERPINE,2022,10,20715,21201,41916,0,0,0,20715,21201,41916
PROSERPINE,2022,11,17349,17783,35132,0,0,0,17349,17783,35132
PROSERPINE,2022,12,19622,19108,38730,0,0,0,19622,19108,38730
PROSERPINE,2023,1,18209,18825,37034,0,0,0,18209,18825,37034
PROSERPINE,2023,2,15250,15730,30980,0,0,0,15250,15730,30980
PROSERPINE,2023,3,19361,18776,38137,0,0,0,19361,18776,38137
PROSERPINE,2023,4,24326,24859,49185,0,0,0,24326,24859,49185
PROSERPINE,2023,5,19845,19781,39626,0,0,0,19845,19781,39626
PROSERPINE,2023,6,21623,20460,42083,0,0,0,21623,20460,42083
PROSERPINE,2023,7,23681,24606,48287,0,0,0,23681,24606,48287
PROSERPINE,2023,8,21693,22050,43743,0,0,0,21693,22050,43743
PROSERPINE,2023,9,22448,22349,44797,0,0,0,22448,22349,44797
PROSERPINE,2023,10,22646,23837,46483,0,0,0,22646,23837,46483
PROSERPINE,2023,11,20686,21159,41845,0,0,0,20686,21159,41845
PROSERPINE,2023,12,23987,24016,48003,0,0,0,23987,24016,48003
PROSERPINE,2024,1,20985,22932,43917,0,0,0,20985,22932,43917
PROSERPINE,2024,2,17744,17507,35251,0,0,0,17744,17507,35251
PROSERPINE,2024,3,19267,18757,38024,0,0,0,19267,18757,38024
PROSERPINE,2024,4,22044,22995,45039,0,0,0,22044,22995,45039
PROSERPINE,2024,5,17398,17398,34796,0,0,0,17398,17398,34796
PROSERPINE,2024,6,18557,17722,36279,0,0,0,18557,17722,36279
ROCKHAMPTON,2009,1,27838,27816,55654,0,0,0,27838,27816,55654
ROCKHAMPTON,2009,2,26096,26052,52148,0,0,0,26096,26052,52148
ROCKHAMPTON,2009,3,30613,30615,61228,0,0,0,30613,30615,61228
ROCKHAMPTON,2009,4,29947,30137,60084,0,0,0,29947,30137,60084
ROCKHAMPTON,2009,5,32044,32158,64202,0,0,0,32044,32158,64202
ROCKHAMPTON,2009,6,31158,30900,62058,0,0,0,31158,30900,62058
ROCKHAMPTON,2009,7,33870,34180,68050,0,0,0,33870,34180,68050
ROCKHAMPTON,2009,8,32895,33046,65941,0,0,0,32895,33046,65941
ROCKHAMPTON,2009,9,32037,32141,64178,0,0,0,32037,32141,64178
ROCKHAMPTON,2009,10,32645,32258,64903,0,0,0,32645,32258,64903
ROCKHAMPTON,2009,11,30845,31069,61914,0,0,0,30845,31069,61914
ROCKHAMPTON,2009,12,31584,31393,62977,0,0,0,31584,31393,62977
ROCKHAMPTON,2010,1,28140,27337,55477,0,0,0,28140,27337,55477
ROCKHAMPTON,2010,2,28848,29279,58127,0,0,0,28848,29279,58127
ROCKHAMPTON,2010,3,31683,31492,63175,0,0,0,31683,31492,63175
ROCKHAMPTON,2010,4,32528,32819,65347,0,0,0,32528,32819,65347
ROCKHAMPTON,2010,5,31609,31994,63603,0,0,0,31609,31994,63603
ROCKHAMPTON,2010,6,31776,31936,63712,0,0,0,31776,31936,63712
ROCKHAMPTON,2010,7,32566,32375,64941,0,0,0,32566,32375,64941
ROCKHAMPTON,2010,8,32964,33147,66111,0,0,0,32964,33147,66111
ROCKHAMPTON,2010,9,35141,34516,69657,0,0,0,35141,34516,69657
ROCKHAMPTON,2010,10,34566,35074,69640,0,0,0,34566,35074,69640
ROCKHAMPTON,2010,11,33956,34024,67980,0,0,0,33956,34024,67980
ROCKHAMPTON,2010,12,33991,35451,69442,0,0,0,33991,35451,69442
ROCKHAMPTON,2011,1,5269,5116,10385,0,0,0,5269,5116,10385
ROCKHAMPTON,2011,2,24652,25149,49801,0,0,0,24652,25149,49801
ROCKHAMPTON,2011,3,31111,31167,62278,0,0,0,31111,31167,62278
ROCKHAMPTON,2011,4,30645,31000,61645,0,0,0,30645,31000,61645
ROCKHAMPTON,2011,5,32375,31886,64261,0,0,0,32375,31886,64261
ROCKHAMPTON,2011,6,31658,32006,63664,0,0,0,31658,32006,63664
ROCKHAMPTON,2011,7,33714,33198,66912,0,0,0,33714,33198,66912
ROCKHAMPTON,2011,8,32043,32844,64887,0,0,0,32043,32844,64887
ROCKHAMPTON,2011,9,33314,33530,66844,0,0,0,33314,33530,66844
ROCKHAMPTON,2011,10,33143,33017,66160,0,0,0,33143,33017,66160
ROCKHAMPTON,2011,11,31283,31933,63216,0,0,0,31283,31933,63216
ROCKHAMPTON,2011,12,29789,31185,60974,0,0,0,29789,31185,60974
ROCKHAMPTON,2012,1,28848,26683,55531,0,0,0,28848,26683,55531
ROCKHAMPTON,2012,2,27803,28135,55938,0,0,0,27803,28135,55938
ROCKHAMPTON,2012,3,31965,32723,64688,0,0,0,31965,32723,64688
ROCKHAMPTON,2012,4,29104,28659,57763,0,0,0,29104,28659,57763
ROCKHAMPTON,2012,5,32553,33000,65553,0,0,0,32553,33000,65553
ROCKHAMPTON,2012,6,30958,31209,62167,0,0,0,30958,31209,62167
ROCKHAMPTON,2012,7,33126,32867,65993,0,0,0,33126,32867,65993
ROCKHAMPTON,2012,8,31761,32897,64658,0,0,0,31761,32897,64658
ROCKHAMPTON,2012,9,31267,31901,63168,0,0,0,31267,31901,63168
ROCKHAMPTON,2012,10,33144,32818,65962,0,0,0,33144,32818,65962
ROCKHAMPTON,2012,11,29891,31469,61360,0,0,0,29891,31469,61360
ROCKHAMPTON,2012,12,28130,29566,57696,0,0,0,28130,29566,57696
ROCKHAMPTON,2013,1,26053,25068,51121,0,0,0,26053,25068,51121
ROCKHAMPTON,2013,2,23351,23878,47229,0,0,0,23351,23878,47229
ROCKHAMPTON,2013,3,29902,30033,59935,0,0,0,29902,30033,59935
ROCKHAMPTON,2013,4,30121,29482,59603,0,0,0,30121,29482,59603
ROCKHAMPTON,2013,5,28301,29182,57483,0,0,0,28301,29182,57483
ROCKHAMPTON,2013,6,28477,28416,56893,0,0,0,28477,28416,56893
ROCKHAMPTON,2013,7,32536,32135,64671,0,0,0,32536,32135,64671
ROCKHAMPTON,2013,8,30445,31810,62255,0,0,0,30445,31810,62255
ROCKHAMPTON,2013,9,29872,29752,59624,0,0,0,29872,29752,59624
ROCKHAMPTON,2013,10,31967,31805,63772,0,0,0,31967,31805,63772
ROCKHAMPTON,2013,11,28088,28736,56824,0,0,0,28088,28736,56824
ROCKHAMPTON,2013,12,27947,29145,57092,0,0,0,27947,29145,57092
ROCKHAMPTON,2014,1,25175,24038,49213,0,0,0,25175,24038,49213
ROCKHAMPTON,2014,2,23180,23684,46864,0,0,0,23180,23684,46864
ROCKHAMPTON,2014,3,27884,27840,55724,0,0,0,27884,27840,55724
ROCKHAMPTON,2014,4,27499,27452,54951,0,0,0,27499,27452,54951
ROCKHAMPTON,2014,5,27343,28383,55726,0,0,0,27343,28383,55726
ROCKHAMPTON,2014,6,27393,27278,54671,0,0,0,27393,27278,54671
ROCKHAMPTON,2014,7,29036,29421,58457,0,0,0,29036,29421,58457
ROCKHAMPTON,2014,8,27277,28234,55511,0,0,0,27277,28234,55511
ROCKHAMPTON,2014,9,29157,28751,57908,0,0,0,29157,28751,57908
ROCKHAMPTON,2014,10,29349,29603,58952,0,0,0,29349,29603,58952
ROCKHAMPTON,2014,11,25794,26723,52517,0,0,0,25794,26723,52517
ROCKHAMPTON,2014,12,25108,25809,50917,0,0,0,25108,25809,50917
ROCKHAMPTON,2015,1,23029,21618,44647,0,0,0,23029,21618,44647
ROCKHAMPTON,2015,2,19713,19899,39612,0,0,0,19713,19899,39612
ROCKHAMPTON,2015,3,27755,27804,55559,0,0,0,27755,27804,55559
ROCKHAMPTON,2015,4,26068,26228,52296,0,0,0,26068,26228,52296
ROCKHAMPTON,2015,5,27726,28056,55782,0,0,0,27726,28056,55782
ROCKHAMPTON,2015,6,26538,26217,52755,0,0,0,26538,26217,52755
ROCKHAMPTON,2015,7,27714,28588,56302,0,0,0,27714,28588,56302
ROCKHAMPTON,2015,8,25644,25817,51461,0,0,0,25644,25817,51461
ROCKHAMPTON,2015,9,25941,26185,52126,0,0,0,25941,26185,52126
ROCKHAMPTON,2015,10,26606,26540,53146,0,0,0,26606,26540,53146
ROCKHAMPTON,2015,11,25321,26155,51476,0,0,0,25321,26155,51476
ROCKHAMPTON,2015,12,24365,24938,49303,0,0,0,24365,24938,49303
ROCKHAMPTON,2016,1,20585,19538,40123,0,0,0,20585,19538,40123
ROCKHAMPTON,2016,2,21204,20977,42181,0,0,0,21204,20977,42181
ROCKHAMPTON,2016,3,23995,24732,48727,0,0,0,23995,24732,48727
ROCKHAMPTON,2016,4,24289,23917,48206,0,0,0,24289,23917,48206
ROCKHAMPTON,2016,5,25201,25046,50247,0,0,0,25201,25046,50247
ROCKHAMPTON,2016,6,24694,24846,49540,0,0,0,24694,24846,49540
ROCKHAMPTON,2016,7,25130,25466,50596,0,0,0,25130,25466,50596
ROCKHAMPTON,2016,8,25307,25273,50580,0,0,0,25307,25273,50580
ROCKHAMPTON,2016,9,26180,26113,52293,0,0,0,26180,26113,52293
ROCKHAMPTON,2016,10,25428,25446,50874,0,0,0,25428,25446,50874
ROCKHAMPTON,2016,11,24719,25047,49766,0,0,0,24719,25047,49766
ROCKHAMPTON,2016,12,25262,25852,51114,0,0,0,25262,25852,51114
ROCKHAMPTON,2017,1,21665,20165,41830,0,0,0,21665,20165,41830
ROCKHAMPTON,2017,2,21090,20902,41992,0,0,0,21090,20902,41992
ROCKHAMPTON,2017,3,24218,25245,49463,0,0,0,24218,25245,49463
ROCKHAMPTON,2017,4,15131,14976,30107,0,0,0,15131,14976,30107
ROCKHAMPTON,2017,5,24313,24516,48829,0,0,0,24313,24516,48829
ROCKHAMPTON,2017,6,24567,23905,48472,0,0,0,24567,23905,48472
ROCKHAMPTON,2017,7,26291,26769,53060,0,0,0,26291,26769,53060
ROCKHAMPTON,2017,8,25111,24886,49997,0,0,0,25111,24886,49997
ROCKHAMPTON,2017,9,25076,24912,49988,0,0,0,25076,24912,49988
ROCKHAMPTON,2017,10,25201,25683,50884,0,0,0,25201,25683,50884
ROCKHAMPTON,2017,11,23202,23451,46653,0,0,0,23202,23451,46653
ROCKHAMPTON,2017,12,22595,22644,45239,0,0,0,22595,22644,45239
ROCKHAMPTON,2018,1,21014,19404,40418,0,0,0,21014,19404,40418
ROCKHAMPTON,2018,2,19329,19416,38745,0,0,0,19329,19416,38745
ROCKHAMPTON,2018,3,23895,23665,47560,0,0,0,23895,23665,47560
ROCKHAMPTON,2018,4,21851,21368,43219,0,0,0,21851,21368,43219
ROCKHAMPTON,2018,5,26196,25796,51992,0,0,0,26196,25796,51992
ROCKHAMPTON,2018,6,22731,23045,45776,0,0,0,22731,23045,45776
ROCKHAMPTON,2018,7,23750,23741,47491,0,0,0,23750,23741,47491
ROCKHAMPTON,2018,8,25001,25028,50029,0,0,0,25001,25028,50029
ROCKHAMPTON,2018,9,22995,23668,46663,0,0,0,22995,23668,46663
ROCKHAMPTON,2018,10,24857,24440,49297,0,0,0,24857,24440,49297
ROCKHAMPTON,2018,11,22684,23271,45955,0,0,0,22684,23271,45955
ROCKHAMPTON,2018,12,21740,22711,44451,0,0,0,21740,22711,44451
ROCKHAMPTON,2019,1,21021,19909,40930,0,0,0,21021,19909,40930
ROCKHAMPTON,2019,2,20247,20267,40514,0,0,0,20247,20267,40514
ROCKHAMPTON,2019,3,23204,23353,46557,0,0,0,23204,23353,46557
ROCKHAMPTON,2019,4,22961,22699,45660,0,0,0,22961,22699,45660
ROCKHAMPTON,2019,5,24496,24526,49022,0,0,0,24496,24526,49022
ROCKHAMPTON,2019,6,23208,22846,46054,0,0,0,23208,22846,46054
ROCKHAMPTON,2019,7,27086,27017,54103,0,0,0,27086,27017,54103
ROCKHAMPTON,2019,8,24649,25631,50280,0,0,0,24649,25631,50280
ROCKHAMPTON,2019,9,25279,24781,50060,0,0,0,25279,24781,50060
ROCKHAMPTON,2019,10,26365,26282,52647,0,0,0,26365,26282,52647
ROCKHAMPTON,2019,11,23925,24665,48590,0,0,0,23925,24665,48590
ROCKHAMPTON,2019,12,23304,23822,47126,0,0,0,23304,23822,47126
ROCKHAMPTON,2020,1,21682,20775,42457,0,0,0,21682,20775,42457
ROCKHAMPTON,2020,2,20718,20712,41430,0,0,0,20718,20712,41430
ROCKHAMPTON,2020,3,16383,15076,31459,0,0,0,16383,15076,31459
ROCKHAMPTON,2020,4,1234,1271,2505,0,0,0,1234,1271,2505
ROCKHAMPTON,2020,5,2071,2088,4159,0,0,0,2071,2088,4159
ROCKHAMPTON,2020,6,4595,4698,9293,0,0,0,4595,4698,9293
ROCKHAMPTON,2020,7,8535,8745,17280,0,0,0,8535,8745,17280
ROCKHAMPTON,2020,8,8972,9209,18181,0,0,0,8972,9209,18181
ROCKHAMPTON,2020,9,10594,10633,21227,0,0,0,10594,10633,21227
ROCKHAMPTON,2020,10,12598,13364,25962,0,0,0,12598,13364,25962
ROCKHAMPTON,2020,11,14346,14156,28502,0,0,0,14346,14156,28502
ROCKHAMPTON,2020,12,16667,16649,33316,0,0,0,16667,16649,33316
ROCKHAMPTON,2021,1,12142,12504,24646,0,0,0,12142,12504,24646
ROCKHAMPTON,2021,2,14433,14563,28996,0,0,0,14433,14563,28996
ROCKHAMPTON,2021,3,18678,18454,37132,0,0,0,18678,18454,37132
ROCKHAMPTON,2021,4,18320,18576,36896,0,0,0,18320,18576,36896
ROCKHAMPTON,2021,5,21818,21819,43637,0,0,0,21818,21819,43637
ROCKHAMPTON,2021,6,19783,19784,39567,0,0,0,19783,19784,39567
ROCKHAMPTON,2021,7,15748,16180,31928,0,0,0,15748,16180,31928
ROCKHAMPTON,2021,8,10187,9910,20097,0,0,0,10187,9910,20097
ROCKHAMPTON,2021,9,15913,16157,32070,0,0,0,15913,16157,32070
ROCKHAMPTON,2021,10,16260,16802,33062,0,0,0,16260,16802,33062
ROCKHAMPTON,2021,11,17545,17459,35004,0,0,0,17545,17459,35004
ROCKHAMPTON,2021,12,18646,18401,37047,0,0,0,18646,18401,37047
ROCKHAMPTON,2022,1,12526,12465,24991,0,0,0,12526,12465,24991
ROCKHAMPTON,2022,2,13441,13612,27053,0,0,0,13441,13612,27053
ROCKHAMPTON,2022,3,18543,19039,37582,0,0,0,18543,19039,37582
ROCKHAMPTON,2022,4,20984,21003,41987,0,0,0,20984,21003,41987
ROCKHAMPTON,2022,5,22452,22360,44812,0,0,0,22452,22360,44812
ROCKHAMPTON,2022,6,22499,22892,45391,0,0,0,22499,22892,45391
ROCKHAMPTON,2022,7,22938,22747,45685,0,0,0,22938,22747,45685
ROCKHAMPTON,2022,8,22850,22597,45447,0,0,0,22850,22597,45447
ROCKHAMPTON,2022,9,21059,20981,42040,0,0,0,21059,20981,42040
ROCKHAMPTON,2022,10,21071,21898,42969,0,0,0,21071,21898,42969
ROCKHAMPTON,2022,11,22545,22441,44986,0,0,0,22545,22441,44986
ROCKHAMPTON,2022,12,20503,21265,41768,0,0,0,20503,21265,41768
ROCKHAMPTON,2023,1,19410,18552,37962,0,0,0,19410,18552,37962
ROCKHAMPTON,2023,2,19787,20157,39944,0,0,0,19787,20157,39944
ROCKHAMPTON,2023,3,26024,26325,52349,0,0,0,26024,26325,52349
ROCKHAMPTON,2023,4,25915,26023,51938,0,0,0,25915,26023,51938
ROCKHAMPTON,2023,5,28156,28295,56451,0,0,0,28156,28295,56451
ROCKHAMPTON,2023,6,28019,28025,56044,0,0,0,28019,28025,56044
ROCKHAMPTON,2023,7,30335,29536,59871,0,0,0,30335,29536,59871
ROCKHAMPTON,2023,8,28704,29340,58044,0,0,0,28704,29340,58044
ROCKHAMPTON,2023,9,28901,28755,57656,0,0,0,28901,28755,57656
ROCKHAMPTON,2023,10,28628,28335,56963,0,0,0,28628,28335,56963
ROCKHAMPTON,2023,11,27258,27927,55185,0,0,0,27258,27927,55185
ROCKHAMPTON,2023,12,25308,25068,50376,0,0,0,25308,25068,50376
ROCKHAMPTON,2024,1,23137,21781,44918,0,0,0,23137,21781,44918
ROCKHAMPTON,2024,2,24804,25222,50026,0,0,0,24804,25222,50026
ROCKHAMPTON,2024,3,28398,27865,56263,0,0,0,28398,27865,56263
ROCKHAMPTON,2024,4,28965,28067,57032,0,0,0,28965,28067,57032
ROCKHAMPTON,2024,5,28542,29108,57650,0,0,0,28542,29108,57650
ROCKHAMPTON,2024,6,25919,26335,52254,0,0,0,25919,26335,52254
SUNSHINE COAST,2009,1,45697,47665,93362,0,0,0,45697,47665,93362
SUNSHINE COAST,2009,2,31655,31563,63218,0,0,0,31655,31563,63218
SUNSHINE COAST,2009,3,35955,35832,71787,0,0,0,35955,35832,71787
SUNSHINE COAST,2009,4,37483,37954,75437,0,0,0,37483,37954,75437
SUNSHINE COAST,2009,5,34213,34168,68381,0,0,0,34213,34168,68381
SUNSHINE COAST,2009,6,31734,30909,62643,0,0,0,31734,30909,62643
SUNSHINE COAST,2009,7,35748,34738,70486,0,0,0,35748,34738,70486
SUNSHINE COAST,2009,8,35999,35808,71807,0,0,0,35999,35808,71807
SUNSHINE COAST,2009,9,35010,34510,69520,0,0,0,35010,34510,69520
SUNSHINE COAST,2009,10,37978,38239,76217,0,0,0,37978,38239,76217
SUNSHINE COAST,2009,11,34449,36311,70760,0,0,0,34449,36311,70760
SUNSHINE COAST,2009,12,33817,31572,65389,0,0,0,33817,31572,65389
SUNSHINE COAST,2010,1,34713,37517,72230,0,0,0,34713,37517,72230
SUNSHINE COAST,2010,2,28925,29019,57944,0,0,0,28925,29019,57944
SUNSHINE COAST,2010,3,31817,30574,62391,0,0,0,31817,30574,62391
SUNSHINE COAST,2010,4,34920,36742,71662,0,0,0,34920,36742,71662
SUNSHINE COAST,2010,5,31064,31888,62952,0,0,0,31064,31888,62952
SUNSHINE COAST,2010,6,30986,30062,61048,0,0,0,30986,30062,61048
SUNSHINE COAST,2010,7,39239,38214,77453,0,0,0,39239,38214,77453
SUNSHINE COAST,2010,8,36256,36552,72808,0,0,0,36256,36552,72808
SUNSHINE COAST,2010,9,40102,37481,77583,0,0,0,40102,37481,77583
SUNSHINE COAST,2010,10,41486,43119,84605,0,0,0,41486,43119,84605
SUNSHINE COAST,2010,11,39243,40850,80093,0,0,0,39243,40850,80093
SUNSHINE COAST,2010,12,42747,40153,82900,0,0,0,42747,40153,82900
SUNSHINE COAST,2011,1,41828,47366,89194,0,0,0,41828,47366,89194
SUNSHINE COAST,2011,2,30150,30658,60808,0,0,0,30150,30658,60808
SUNSHINE COAST,2011,3,36120,35698,71818,0,0,0,36120,35698,71818
SUNSHINE COAST,2011,4,43279,42511,85790,0,0,0,43279,42511,85790
SUNSHINE COAST,2011,5,33996,34824,68820,0,0,0,33996,34824,68820
SUNSHINE COAST,2011,6,31320,30983,62303,0,0,0,31320,30983,62303
SUNSHINE COAST,2011,7,39098,37432,76530,0,0,0,39098,37432,76530
SUNSHINE COAST,2011,8,31928,32338,64266,0,0,0,31928,32338,64266
SUNSHINE COAST,2011,9,36209,33826,70035,0,0,0,36209,33826,70035
SUNSHINE COAST,2011,10,34464,36932,71396,0,0,0,34464,36932,71396
SUNSHINE COAST,2011,11,31538,33287,64825,0,0,0,31538,33287,64825
SUNSHINE COAST,2011,12,36982,34648,71630,0,0,0,36982,34648,71630
SUNSHINE COAST,2012,1,38159,41261,79420,0,0,0,38159,41261,79420
SUNSHINE COAST,2012,2,27076,27246,54322,0,0,0,27076,27246,54322
SUNSHINE COAST,2012,3,30082,29475,59557,0,0,0,30082,29475,59557
SUNSHINE COAST,2012,4,32772,32788,65560,0,0,0,32772,32788,65560
SUNSHINE COAST,2012,5,28420,29068,57488,0,0,0,28420,29068,57488
SUNSHINE COAST,2012,6,28911,27169,56080,0,0,0,28911,27169,56080
SUNSHINE COAST,2012,7,33872,33736,67608,1229,1055,2284,35101,34791,69892
SUNSHINE COAST,2012,8,29763,29595,59358,1029,1003,2032,30792,30598,61390
SUNSHINE COAST,2012,9,37430,35925,73355,606,791,1397,38036,36716,74752
SUNSHINE COAST,2012,10,35579,37586,73165,0,0,0,35579,37586,73165
SUNSHINE COAST,2012,11,34918,36027,70945,0,0,0,34918,36027,70945
SUNSHINE COAST,2012,12,37389,35415,72804,0,0,0,37389,35415,72804
SUNSHINE COAST,2013,1,36254,38189,74443,0,0,0,36254,38189,74443
SUNSHINE COAST,2013,2,24714,24656,49370,0,0,0,24714,24656,49370
SUNSHINE COAST,2013,3,32048,30913,62961,0,0,0,32048,30913,62961
SUNSHINE COAST,2013,4,36161,37327,73488,0,0,0,36161,37327,73488
SUNSHINE COAST,2013,5,29685,30278,59963,0,0,0,29685,30278,59963
SUNSHINE COAST,2013,6,33169,31801,64970,511,329,840,33680,32130,65810
SUNSHINE COAST,2013,7,37078,37819,74897,1162,1071,2233,38240,38890,77130
SUNSHINE COAST,2013,8,36603,35762,72365,1044,982,2026,37647,36744,74391
SUNSHINE COAST,2013,9,41230,39147,80377,1128,1136,2264,42358,40283,82641
SUNSHINE COAST,2013,10,40790,42214,83004,553,489,1042,41343,42703,84046
SUNSHINE COAST,2013,11,38361,39769,78130,0,0,0,38361,39769,78130
SUNSHINE COAST,2013,12,42692,41439,84131,0,0,0,42692,41439,84131
SUNSHINE COAST,2014,1,43005,46710,89715,0,0,0,43005,46710,89715
SUNSHINE COAST,2014,2,29074,29820,58894,0,0,0,29074,29820,58894
SUNSHINE COAST,2014,3,35429,35329,70758,0,0,0,35429,35329,70758
SUNSHINE COAST,2014,4,38492,37941,76433,0,0,0,38492,37941,76433
SUNSHINE COAST,2014,5,30745,31349,62094,0,0,0,30745,31349,62094
SUNSHINE COAST,2014,6,32016,30493,62509,278,183,461,32294,30676,62970
SUNSHINE COAST,2014,7,36813,37428,74241,1508,1203,2711,38321,38631,76952
SUNSHINE COAST,2014,8,32624,32124,64748,1373,1191,2564,33997,33315,67312
SUNSHINE COAST,2014,9,38614,37179,75793,1234,1210,2444,39848,38389,78237
SUNSHINE COAST,2014,10,39738,40931,80669,1022,1046,2068,40760,41977,82737
SUNSHINE COAST,2014,11,35622,36709,72331,0,0,0,35622,36709,72331
SUNSHINE COAST,2014,12,37877,36038,73915,0,0,0,37877,36038,73915
SUNSHINE COAST,2015,1,37890,42048,79938,0,0,0,37890,42048,79938
SUNSHINE COAST,2015,2,26196,25986,52182,0,0,0,26196,25986,52182
SUNSHINE COAST,2015,3,32867,31577,64444,0,0,0,32867,31577,64444
SUNSHINE COAST,2015,4,36413,38432,74845,0,0,0,36413,38432,74845
SUNSHINE COAST,2015,5,29833,30090,59923,0,0,0,29833,30090,59923
SUNSHINE COAST,2015,6,33566,31083,64649,277,164,441,33843,31247,65090
SUNSHINE COAST,2015,7,39430,40072,79502,1771,1381,3152,41201,41453,82654
SUNSHINE COAST,2015,8,37099,37056,74155,1625,1570,3195,38724,38626,77350
SUNSHINE COAST,2015,9,44012,41811,85823,1643,1593,3236,45655,43404,89059
SUNSHINE COAST,2015,10,43308,45063,88371,1104,1133,2237,44412,46196,90608
SUNSHINE COAST,2015,11,39106,40016,79122,0,0,0,39106,40016,79122
SUNSHINE COAST,2015,12,43719,41433,85152,636,701,1337,44355,42134,86489
SUNSHINE COAST,2016,1,42454,47148,89602,1157,1031,2188,43611,48179,91790
SUNSHINE COAST,2016,2,31549,31537,63086,799,791,1590,32348,32328,64676
SUNSHINE COAST,2016,3,38086,37653,75739,0,0,0,38086,37653,75739
SUNSHINE COAST,2016,4,40425,41283,81708,0,0,0,40425,41283,81708
SUNSHINE COAST,2016,5,34073,34407,68480,0,0,0,34073,34407,68480
SUNSHINE COAST,2016,6,36604,33840,70444,0,0,0,36604,33840,70444
SUNSHINE COAST,2016,7,45489,45561,91050,2074,1472,3546,47563,47033,94596
SUNSHINE COAST,2016,8,38254,38622,76876,1740,1512,3252,39994,40134,80128
SUNSHINE COAST,2016,9,46247,44443,90690,1894,1746,3640,48141,46189,94330
SUNSHINE COAST,2016,10,47646,48922,96568,1663,1627,3290,49309,50549,99858
SUNSHINE COAST,2016,11,44417,46669,91086,0,0,0,44417,46669,91086
SUNSHINE COAST,2016,12,50172,47251,97423,0,0,0,50172,47251,97423
SUNSHINE COAST,2017,1,49190,53993,103183,0,0,0,49190,53993,103183
SUNSHINE COAST,2017,2,34293,34971,69264,0,0,0,34293,34971,69264
SUNSHINE COAST,2017,3,40638,40397,81035,0,0,0,40638,40397,81035
SUNSHINE COAST,2017,4,50593,50278,100871,0,0,0,50593,50278,100871
SUNSHINE COAST,2017,5,37113,37748,74861,0,0,0,37113,37748,74861
SUNSHINE COAST,2017,6,38577,36242,74819,0,0,0,38577,36242,74819
SUNSHINE COAST,2017,7,50839,49711,100550,1948,1355,3303,52787,51066,103853
SUNSHINE COAST,2017,8,42229,43299,85528,1776,1463,3239,44005,44762,88767
SUNSHINE COAST,2017,9,51975,48898,100873,1839,1731,3570,53814,50629,104443
SUNSHINE COAST,2017,10,53541,57037,110578,1882,1725,3607,55423,58762,114185
SUNSHINE COAST,2017,11,49954,51052,101006,0,0,0,49954,51052,101006
SUNSHINE COAST,2017,12,57051,53346,110397,0,0,0,57051,53346,110397
SUNSHINE COAST,2018,1,56675,62979,119654,0,0,0,56675,62979,119654
SUNSHINE COAST,2018,2,39789,40298,80087,0,0,0,39789,40298,80087
SUNSHINE COAST,2018,3,48749,46397,95146,0,0,0,48749,46397,95146
SUNSHINE COAST,2018,4,50703,52628,103331,0,0,0,50703,52628,103331
SUNSHINE COAST,2018,5,41866,42680,84546,0,0,0,41866,42680,84546
SUNSHINE COAST,2018,6,42877,40596,83473,0,0,0,42877,40596,83473
SUNSHINE COAST,2018,7,55230,54396,109626,1943,1380,3323,57173,55776,112949
SUNSHINE COAST,2018,8,51496,51623,103119,2175,1991,4166,53671,53614,107285
SUNSHINE COAST,2018,9,55141,53132,108273,1918,1727,3645,57059,54859,111918
SUNSHINE COAST,2018,10,56206,58514,114720,1583,1586,3169,57789,60100,117889
SUNSHINE COAST,2018,11,53067,53467,106534,0,0,0,53067,53467,106534
SUNSHINE COAST,2018,12,57912,54181,112093,0,0,0,57912,54181,112093
SUNSHINE COAST,2019,1,55988,61362,117350,0,0,0,55988,61362,117350
SUNSHINE COAST,2019,2,38801,39935,78736,0,0,0,38801,39935,78736
SUNSHINE COAST,2019,3,48596,47462,96058,0,0,0,48596,47462,96058
SUNSHINE COAST,2019,4,57922,57602,115524,0,0,0,57922,57602,115524
SUNSHINE COAST,2019,5,45297,45610,90907,0,0,0,45297,45610,90907
SUNSHINE COAST,2019,6,46464,43854,90318,0,0,0,46464,43854,90318
SUNSHINE COAST,2019,7,57693,57053,114746,1830,1209,3039,59523,58262,117785
SUNSHINE COAST,2019,8,52112,51992,104104,1994,1631,3625,54106,53623,107729
SUNSHINE COAST,2019,9,59157,56402,115559,2012,1844,3856,61169,58246,119415
SUNSHINE COAST,2019,10,59624,62335,121959,1252,1312,2564,60876,63647,124523
SUNSHINE COAST,2019,11,54862,55816,110678,0,0,0,54862,55816,110678
SUNSHINE COAST,2019,12,58993,55020,114013,0,0,0,58993,55020,114013
SUNSHINE COAST,2020,1,49802,53319,103121,0,0,0,49802,53319,103121
SUNSHINE COAST,2020,2,40821,41262,82083,0,0,0,40821,41262,82083
SUNSHINE COAST,2020,3,30794,31890,62684,0,0,0,30794,31890,62684
SUNSHINE COAST,2020,4,0,0,0,0,0,0,0,0,0
SUNSHINE COAST,2020,5,0,0,0,0,0,0,0,0,0
SUNSHINE COAST,2020,6,0,0,0,0,0,0,0,0,0
SUNSHINE COAST,2020,7,4595,4152,8747,0,0,0,4595,4152,8747
SUNSHINE COAST,2020,8,1032,1717,2749,0,0,0,1032,1717,2749
SUNSHINE COAST,2020,9,2320,2238,4558,0,0,0,2320,2238,4558
SUNSHINE COAST,2020,10,3472,3484,6956,0,0,0,3472,3484,6956
SUNSHINE COAST,2020,11,3424,3869,7293,0,0,0,3424,3869,7293
SUNSHINE COAST,2020,12,27355,21832,49187,0,0,0,27355,21832,49187
SUNSHINE COAST,2021,1,25047,32503,57550,0,0,0,25047,32503,57550
SUNSHINE COAST,2021,2,21393,22134,43527,0,0,0,21393,22134,43527
SUNSHINE COAST,2021,3,43943,41218,85161,0,0,0,43943,41218,85161
SUNSHINE COAST,2021,4,61111,62531,123642,0,0,0,61111,62531,123642
SUNSHINE COAST,2021,5,46629,47419,94048,0,0,0,46629,47419,94048
SUNSHINE COAST,2021,6,31625,29496,61121,0,0,0,31625,29496,61121
SUNSHINE COAST,2021,7,10807,16435,27242,202,310,512,11009,16745,27754
SUNSHINE COAST,2021,8,1300,2373,3673,0,0,0,1300,2373,3673
SUNSHINE COAST,2021,9,2662,3240,5902,0,0,0,2662,3240,5902
SUNSHINE COAST,2021,10,3101,3768,6869,0,0,0,3101,3768,6869
SUNSHINE COAST,2021,11,2922,3309,6231,0,0,0,2922,3309,6231
SUNSHINE COAST,2021,12,36858,24375,61233,0,0,0,36858,24375,61233
SUNSHINE COAST,2022,1,49489,58181,107670,0,0,0,49489,58181,107670
SUNSHINE COAST,2022,2,41318,41978,83296,0,0,0,41318,41978,83296
SUNSHINE COAST,2022,3,56238,56662,112900,0,0,0,56238,56662,112900
SUNSHINE COAST,2022,4,78320,76472,154792,0,0,0,78320,76472,154792
SUNSHINE COAST,2022,5,60284,62428,122712,0,0,0,60284,62428,122712
SUNSHINE COAST,2022,6,64883,58958,123841,0,0,0,64883,58958,123841
SUNSHINE COAST,2022,7,67840,70187,138027,898,718,1616,68738,70905,139643
SUNSHINE COAST,2022,8,58136,59006,117142,1211,1162,2373,59347,60168,119515
SUNSHINE COAST,2022,9,68869,65593,134462,1147,1224,2371,70016,66817,136833
SUNSHINE COAST,2022,10,67500,70500,138000,769,773,1542,68269,71273,139542
SUNSHINE COAST,2022,11,59695,63256,122951,0,0,0,59695,63256,122951
SUNSHINE COAST,2022,12,67791,61949,129740,0,0,0,67791,61949,129740
SUNSHINE COAST,2023,1,66640,72901,139541,0,0,0,66640,72901,139541
SUNSHINE COAST,2023,2,51830,51874,103704,0,0,0,51830,51874,103704
SUNSHINE COAST,2023,3,68061,68114,136175,0,0,0,68061,68114,136175
SUNSHINE COAST,2023,4,82618,81416,164034,0,0,0,82618,81416,164034
SUNSHINE COAST,2023,5,70948,71211,142159,0,0,0,70948,71211,142159
SUNSHINE COAST,2023,6,76961,71507,148468,433,287,720,77394,71794,149188
SUNSHINE COAST,2023,7,88757,88579,177336,1753,1577,3330,90510,90156,180666
SUNSHINE COAST,2023,8,76817,76271,153088,1585,1609,3194,78402,77880,156282
SUNSHINE COAST,2023,9,84121,81211,165332,1809,1791,3600,85930,83002,168932
SUNSHINE COAST,2023,10,83839,87512,171351,866,1073,1939,84705,88585,173290
SUNSHINE COAST,2023,11,81030,82314,163344,0,0,0,81030,82314,163344
SUNSHINE COAST,2023,12,93823,85783,179606,0,0,0,93823,85783,179606
SUNSHINE COAST,2024,1,86439,95264,181703,0,0,0,86439,95264,181703
SUNSHINE COAST,2024,2,71221,71108,142329,0,0,0,71221,71108,142329
SUNSHINE COAST,2024,3,80846,77795,158641,0,0,0,80846,77795,158641
SUNSHINE COAST,2024,4,79092,82672,161764,0,0,0,79092,82672,161764
SUNSHINE COAST,2024,5,58623,57977,116600,0,0,0,58623,57977,116600
SUNSHINE COAST,2024,6,57867,56029,113896,360,171,531,58227,56200,114427
SYDNEY,2009,1,917544,929969,1847513,539079,457378,996457,1456623,1387347,2843970
SYDNEY,2009,2,834495,839110,1673605,428010,373914,801924,1262505,1213024,2475529
SYDNEY,2009,3,939082,935750,1874832,410673,411020,821693,1349755,1346770,2696525
SYDNEY,2009,4,920109,921212,1841321,429137,441485,870622,1349246,1362697,2711943
SYDNEY,2009,5,863230,854928,1718158,364220,395190,759410,1227450,1250118,2477568
SYDNEY,2009,6,828894,819146,1648040,363355,404533,767888,1192249,1223679,2415928
SYDNEY,2009,7,930385,960770,1891155,494278,447070,941348,1424663,1407840,2832503
SYDNEY,2009,8,943864,938179,1882043,433893,430252,864145,1377757,1368431,2746188
SYDNEY,2009,9,956042,956379,1912421,443209,436480,879689,1399251,1392859,2792110
SYDNEY,2009,10,1041829,1055951,2097780,523927,451566,975493,1565756,1507517,3073273
SYDNEY,2009,11,1004912,997604,2002516,440305,453940,894245,1445217,1451544,2896761
SYDNEY,2009,12,993441,979947,1973388,498977,563379,1062356,1492418,1543326,3035744
SYDNEY,2010,1,938593,953550,1892143,589167,521511,1110678,1527760,1475061,3002821
SYDNEY,2010,2,940950,936409,1877359,474091,424962,899053,1415041,1361371,2776412
SYDNEY,2010,3,1024000,1027486,2051486,451545,474798,926343,1475545,1502284,2977829
SYDNEY,2010,4,1003151,995055,1998206,441331,445549,886880,1444482,1440604,2885086
SYDNEY,2010,5,954506,949785,1904291,380176,422964,803140,1334682,1372749,2707431
SYDNEY,2010,6,938476,929688,1868164,402125,465000,867125,1340601,1394688,2735289
SYDNEY,2010,7,1028127,1054596,2082723,546386,469414,1015800,1574513,1524010,3098523
SYDNEY,2010,8,1023426,1009868,2033294,457069,471363,928432,1480495,1481231,2961726
SYDNEY,2010,9,1016828,1042725,2059553,473067,489387,962454,1489895,1532112,3022007
SYDNEY,2010,10,1098050,1091897,2189947,549162,459725,1008887,1647212,1551622,3198834
SYDNEY,2010,11,1056752,1051838,2108590,465698,478625,944323,1522450,1530463,3052913
SYDNEY,2010,12,1073348,1055700,2129048,514182,588240,1102422,1587530,1643940,3231470
SYDNEY,2011,1,990667,996394,1987061,617807,541526,1159333,1608474,1537920,3146394
SYDNEY,2011,2,925854,929005,1854859,487786,428500,916286,1413640,1357505,2771145
SYDNEY,2011,3,1039009,1034790,2073799,446942,456003,902945,1485951,1490793,2976744
SYDNEY,2011,4,1024659,1014734,2039393,466420,499769,966189,1491079,1514503,3005582
SYDNEY,2011,5,978205,970336,1948541,409295,443458,852753,1387500,1413794,2801294
SYDNEY,2011,6,901802,905444,1807246,404433,480056,884489,1306235,1385500,2691735
SYDNEY,2011,7,1022596,1041581,2064177,563461,476698,1040159,1586057,1518279,3104336
SYDNEY,2011,8,1010698,993479,2004177,462526,475601,938127,1473224,1469080,2942304
SYDNEY,2011,9,993432,1015818,2009250,482585,511900,994485,1476017,1527718,3003735
SYDNEY,2011,10,1032168,1027640,2059808,566982,463447,1030429,1599150,1491087,3090237
SYDNEY,2011,11,1023583,1019531,2043114,471165,480997,952162,1494748,1500528,2995276
SYDNEY,2011,12,1023737,1010189,2033926,516227,594998,1111225,1539964,1605187,3145151
SYDNEY,2012,1,976748,994534,1971282,636764,544134,1180898,1613512,1538668,3152180
SYDNEY,2012,2,922882,932060,1854942,502187,438793,940980,1425069,1370853,2795922
SYDNEY,2012,3,1045541,1031426,2076967,473869,498448,972317,1519410,1529874,3049284
SYDNEY,2012,4,1002005,1002316,2004321,493981,507349,1001330,1495986,1509665,3005651
SYDNEY,2012,5,986288,970793,1957081,415903,460344,876247,1402191,1431137,2833328
SYDNEY,2012,6,946941,943508,1890449,447918,531028,978946,1394859,1474536,2869395
SYDNEY,2012,7,1049721,1064864,2114585,585208,491435,1076643,1634929,1556299,3191228
SYDNEY,2012,8,1060628,1041343,2101971,490990,513955,1004945,1551618,1555298,3106916
SYDNEY,2012,9,1053607,1069913,2123520,512937,543135,1056072,1566544,1613048,3179592
SYDNEY,2012,10,1111778,1107024,2218802,582555,480934,1063489,1694333,1587958,3282291
SYDNEY,2012,11,1098924,1093331,2192255,503626,522024,1025650,1602550,1615355,3217905
SYDNEY,2012,12,1078993,1053709,2132702,556732,634944,1191676,1635725,1688653,3324378
SYDNEY,2013,1,1021964,1040218,2062182,651121,559445,1210566,1673085,1599663,3272748
SYDNEY,2013,2,938481,940265,1878746,513791,460487,974278,1452272,1400752,2853024
SYDNEY,2013,3,1063795,1050688,2114483,507531,532984,1040515,1571326,1583672,3154998
SYDNEY,2013,4,1054470,1048890,2103360,507852,520156,1028008,1562322,1569046,3131368
SYDNEY,2013,5,1004327,991223,1995550,447696,488558,936254,1452023,1479781,2931804
SYDNEY,2013,6,972477,974320,1946797,466995,542461,1009456,1439472,1516781,2956253
SYDNEY,2013,7,1101767,1102001,2203768,609690,529985,1139675,1711457,1631986,3343443
SYDNEY,2013,8,1076609,1058103,2134712,523344,542194,1065538,1599953,1600297,3200250
SYDNEY,2013,9,1042028,1061600,2103628,536112,561318,1097430,1578140,1622918,3201058
SYDNEY,2013,10,1149680,1144501,2294181,610674,497724,1108398,1760354,1642225,3402579
SYDNEY,2013,11,1088671,1080518,2169189,530129,542880,1073009,1618800,1623398,3242198
SYDNEY,2013,12,1113579,1096486,2210065,578786,671972,1250758,1692365,1768458,3460823
SYDNEY,2014,1,1065915,1082908,2148823,698668,608317,1306985,1764583,1691225,3455808
SYDNEY,2014,2,966175,953742,1919917,541240,495993,1037233,1507415,1449735,2957150
SYDNEY,2014,3,1075212,1065090,2140302,513803,530525,1044328,1589015,1595615,3184630
SYDNEY,2014,4,1054858,1046448,2101306,526287,566949,1093236,1581145,1613397,3194542
SYDNEY,2014,5,1017429,1001898,2019327,483268,509089,992357,1500697,1510987,3011684
SYDNEY,2014,6,972837,972810,1945647,463814,565678,1029492,1436651,1538488,2975139
SYDNEY,2014,7,1088070,1090076,2178146,613345,528745,1142090,1701415,1618821,3320236
SYDNEY,2014,8,1072351,1056340,2128691,524448,551983,1076431,1596799,1608323,3205122
SYDNEY,2014,9,1057089,1070473,2127562,535529,554031,1089560,1592618,1624504,3217122
SYDNEY,2014,10,1174641,1172420,2347061,616131,519670,1135801,1790772,1692090,3482862
SYDNEY,2014,11,1088111,1083123,2171234,542097,546503,1088600,1630208,1629626,3259834
SYDNEY,2014,12,1100833,1088258,2189091,593553,686169,1279722,1694386,1774427,3468813
SYDNEY,2015,1,1039522,1046901,2086423,711721,614666,1326387,1751243,1661567,3412810
SYDNEY,2015,2,973110,970584,1943694,563101,503262,1066363,1536211,1473846,3010057
SYDNEY,2015,3,1105157,1095693,2200850,557245,579473,1136718,1662402,1675166,3337568
SYDNEY,2015,4,1056659,1058151,2114810,547174,551891,1099065,1603833,1610042,3213875
SYDNEY,2015,5,1029545,1017224,2046769,488608,519255,1007863,1518153,1536479,3054632
SYDNEY,2015,6,983350,995667,1979017,487652,572404,1060056,1471002,1568071,3039073
SYDNEY,2015,7,1134247,1139638,2273885,643544,567433,1210977,1777791,1707071,3484862
SYDNEY,2015,8,1080332,1065663,2145995,553594,567291,1120885,1633926,1632954,3266880
SYDNEY,2015,9,1087857,1109278,2197135,572834,579569,1152403,1660691,1688847,3349538
SYDNEY,2015,10,1176002,1166705,2342707,639213,552224,1191437,1815215,1718929,3534144
SYDNEY,2015,11,1135940,1126558,2262498,570432,579909,1150341,1706372,1706467,3412839
SYDNEY,2015,12,1157667,1146169,2303836,643342,745391,1388733,1801009,1891560,3692569
SYDNEY,2016,1,1104447,1113703,2218150,781878,675908,1457786,1886325,1789611,3675936
SYDNEY,2016,2,1056881,1054242,2111123,636639,567917,1204556,1693520,1622159,3315679
SYDNEY,2016,3,1162751,1135735,2298486,601343,625198,1226541,1764094,1760933,3525027
SYDNEY,2016,4,1105980,1120670,2226650,602761,612185,1214946,1708741,1732855,3441596
SYDNEY,2016,5,1072295,1055096,2127391,526968,555830,1082798,1599263,1610926,3210189
SYDNEY,2016,6,1032639,1022740,2055379,524116,616675,1140791,1556755,1639415,3196170
SYDNEY,2016,7,1154741,1177544,2332285,719961,627148,1347109,1874702,1804692,3679394
SYDNEY,2016,8,1112898,1096154,2209052,601925,608827,1210752,1714823,1704981,3419804
SYDNEY,2016,9,1125415,1159911,2285326,617389,630118,1247507,1742804,1790029,3532833
SYDNEY,2016,10,1202970,1174544,2377514,693223,588318,1281541,1896193,1762862,3659055
SYDNEY,2016,11,1170274,1167166,2337440,605826,622927,1228753,1776100,1790093,3566193
SYDNEY,2016,12,1162146,1165002,2327148,681661,787236,1468897,1843807,1952238,3796045
SYDNEY,2017,1,1127330,1128197,2255527,835438,724531,1559969,1962768,1852728,3815496
SYDNEY,2017,2,1029813,1028231,2058044,655651,570218,1225869,1685464,1598449,3283913
SYDNEY,2017,3,1174197,1156629,2330826,614723,629062,1243785,1788920,1785691,3574611
SYDNEY,2017,4,1120311,1122762,2243073,664691,681401,1346092,1785002,1804163,3589165
SYDNEY,2017,5,1095571,1085506,2181077,562979,593638,1156617,1658550,1679144,3337694
SYDNEY,2017,6,1060307,1056841,2117148,569557,673314,1242871,1629864,1730155,3360019
SYDNEY,2017,7,1180867,1187367,2368234,760491,662542,1423033,1941358,1849909,3791267
SYDNEY,2017,8,1125981,1110360,2236341,644683,655860,1300543,1770664,1766220,3536884
SYDNEY,2017,9,1120569,1149275,2269844,657428,669922,1327350,1777997,1819197,3597194
SYDNEY,2017,10,1234112,1210014,2444126,727017,618485,1345502,1961129,1828499,3789628
SYDNEY,2017,11,1206765,1204038,2410803,644589,666967,1311556,1851354,1871005,3722359
SYDNEY,2017,12,1186961,1189870,2376831,720485,834514,1554999,1907446,2024384,3931830
SYDNEY,2018,1,1153562,1141771,2295333,852699,733634,1586333,2006261,1875405,3881666
SYDNEY,2018,2,1065983,1071878,2137861,696311,617701,1314012,1762294,1689579,3451873
SYDNEY,2018,3,1207474,1205485,2412959,676261,692921,1369182,1883735,1898406,3782141
SYDNEY,2018,4,1164271,1149887,2314158,672810,700606,1373416,1837081,1850493,3687574
SYDNEY,2018,5,1115328,1093690,2209018,605693,624178,1229871,1721021,1717868,3438889
SYDNEY,2018,6,1075953,1052376,2128329,592992,702206,1295198,1668945,1754582,3423527
SYDNEY,2018,7,1185423,1217202,2402625,793662,696321,1489983,1979085,1913523,3892608
SYDNEY,2018,8,1169183,1156881,2326064,675440,686667,1362107,1844623,1843548,3688171
SYDNEY,2018,9,1127214,1132581,2259795,672762,684833,1357595,1799976,1817414,3617390
SYDNEY,2018,10,1241043,1241669,2482712,779641,656652,1436293,2020684,1898321,3919005
SYDNEY,2018,11,1190236,1191362,2381598,663086,684189,1347275,1853322,1875551,3728873
SYDNEY,2018,12,1155410,1161411,2316821,734848,866372,1601220,1890258,2027783,3918041
SYDNEY,2019,1,1151296,1138031,2289327,887489,768912,1656401,2038785,1906943,3945728
SYDNEY,2019,2,1041047,1041948,2082995,707952,612960,1320912,1748999,1654908,3403907
SYDNEY,2019,3,1168035,1163665,2331700,656438,672111,1328549,1824473,1835776,3660249
SYDNEY,2019,4,1143091,1140011,2283102,681293,719809,1401102,1824384,1859820,3684204
SYDNEY,2019,5,1112636,1105077,2217713,641103,658543,1299646,1753739,1763620,3517359
SYDNEY,2019,6,1056674,1037459,2094133,609046,697055,1306101,1665720,1734514,3400234
SYDNEY,2019,7,1179466,1208057,2387523,758328,692756,1451084,1937794,1900813,3838607
SYDNEY,2019,8,1154302,1141216,2295518,688054,695834,1383888,1842356,1837050,3679406
SYDNEY,2019,9,1138830,1146456,2285286,668842,689778,1358620,1807672,1836234,3643906
SYDNEY,2019,10,1276535,1267353,2543888,759129,665258,1424387,2035664,1932611,3968275
SYDNEY,2019,11,1190189,1188233,2378422,677641,682256,1359897,1867830,1870489,3738319
SYDNEY,2019,12,1167955,1180842,2348797,728207,871647,1599854,1896162,2052489,3948651
SYDNEY,2020,1,1142353,1131604,2273957,877231,775800,1653031,2019584,1907404,3926988
SYDNEY,2020,2,1003957,983714,1987671,595097,506896,1101993,1599054,1490610,3089664
SYDNEY,2020,3,657237,661525,1318762,341102,344459,685561,998339,1005984,2004323
SYDNEY,2020,4,28082,20096,48178,7751,33619,41370,35833,53715,89548
SYDNEY,2020,5,33504,28774,62278,10119,20218,30337,43623,48992,92615
SYDNEY,2020,6,74605,65547,140152,12537,21934,34471,87142,87481,174623
SYDNEY,2020,7,134227,140497,274724,12877,29798,42675,147104,170295,317399
SYDNEY,2020,8,55176,35022,90198,9825,28770,38595,65001,63792,128793
SYDNEY,2020,9,51249,45899,97148,10035,24897,34932,61284,70796,132080
SYDNEY,2020,10,96350,89142,185492,13108,23983,37091,109458,113125,222583
SYDNEY,2020,11,158324,148823,307147,15900,24368,40268,174224,173191,347415
SYDNEY,2020,12,322699,336374,659073,16152,26436,42588,338851,362810,701661
SYDNEY,2021,1,114029,82773,196802,11032,20684,31716,125061,103457,228518
SYDNEY,2021,2,292959,302746,595705,9983,14635,24618,302942,317381,620323
SYDNEY,2021,3,556632,564536,1121168,13957,15381,29338,570589,579917,1150506
SYDNEY,2021,4,750556,738789,1489345,21742,27003,48745,772298,765792,1538090
SYDNEY,2021,5,676101,671249,1347350,41234,42708,83942,717335,713957,1431292
SYDNEY,2021,6,453658,451817,905475,39699,40536,80235,493357,492353,985710
SYDNEY,2021,7,40553,27111,67664,12380,19811,32191,52933,46922,99855
SYDNEY,2021,8,13222,11544,24766,7955,18448,26403,21177,29992,51169
SYDNEY,2021,9,12745,9916,22661,4410,14062,18472,17155,23978,41133
SYDNEY,2021,10,25530,19808,45338,3662,15753,19415,29192,35561,64753
SYDNEY,2021,11,205713,200654,406367,42178,49870,92048,247891,250524,498415
SYDNEY,2021,12,454384,494734,949118,112764,129642,242406,567148,624376,1191524
SYDNEY,2022,1,485546,464651,950197,153721,103167,256888,639267,567818,1207085
SYDNEY,2022,2,494968,506011,1000979,134032,88762,222794,629000,594773,1223773
SYDNEY,2022,3,749213,751972,1501185,177024,160206,337230,926237,912178,1838415
SYDNEY,2022,4,971618,965691,1937309,259434,279098,538532,1231052,1244789,2475841
SYDNEY,2022,5,917829,913466,1831295,287411,289660,577071,1205240,1203126,2408366
SYDNEY,2022,6,939255,934024,1873279,319268,376620,695888,1258523,1310644,2569167
SYDNEY,2022,7,991750,998766,1990516,449878,404429,854307,1441628,1403195,2844823
SYDNEY,2022,8,934771,926384,1861155,420285,385639,805924,1355056,1312023,2667079
SYDNEY,2022,9,962376,987040,1949416,433437,429297,862734,1395813,1416337,2812150
SYDNEY,2022,10,1037067,1008502,2045569,491670,415469,907139,1528737,1423971,2952708
SYDNEY,2022,11,1002829,992588,1995417,484849,489552,974401,1487678,1482140,2969818
SYDNEY,2022,12,964858,971746,1936604,529261,621131,1150392,1494119,1592877,3086996
SYDNEY,2023,1,948915,939497,1888412,671268,574067,1245335,1620183,1513564,3133747
SYDNEY,2023,2,861434,863783,1725217,566934,453954,1020888,1428368,1317737,2746105
SYDNEY,2023,3,1031011,1047451,2078462,551400,551878,1103278,1582411,1599329,3181740
SYDNEY,2023,4,989792,971078,1960870,560311,570535,1130846,1550103,1541613,3091716
SYDNEY,2023,5,966916,964192,1931108,534733,553471,1088204,1501649,1517663,3019312
SYDNEY,2023,6,953000,941898,1894898,543365,626860,1170225,1496365,1568758,3065123
SYDNEY,2023,7,1025041,1047334,2072375,705713,602013,1307726,1730754,1649347,3380101
SYDNEY,2023,8,1017021,1001240,2018261,624566,612723,1237289,1641587,1613963,3255550
SYDNEY,2023,9,1035511,1058562,2094073,638554,640991,1279545,1674065,1699553,3373618
SYDNEY,2023,10,1106033,1077919,2183952,695855,594999,1290854,1801888,1672918,3474806
SYDNEY,2023,11,1080530,1067998,2148528,624043,641640,1265683,1704573,1709638,3414211
SYDNEY,2023,12,1039226,1043350,2082576,680443,818725,1499168,1719669,1862075,3581744
SYDNEY,2024,1,1015444,1015279,2030723,853678,701745,1555423,1869122,1717024,3586146
SYDNEY,2024,2,999591,991141,1990732,708756,597237,1305993,1708347,1588378,3296725
SYDNEY,2024,3,1069650,1063723,2133373,633865,672069,1305934,1703515,1735792,3439307
SYDNEY,2024,4,1020395,1027326,2047721,646591,663606,1310197,1666986,1690932,3357918
SYDNEY,2024,5,1010450,996124,2006574,599358,617617,1216975,1609808,1613741,3223549
SYDNEY,2024,6,969690,941819,1911509,589332,683357,1272689,1559022,1625176,3184198
TOWNSVILLE,2009,1,54834,51765,106599,0,0,0,54834,51765,106599
TOWNSVILLE,2009,2,46833,47178,94011,0,0,0,46833,47178,94011
TOWNSVILLE,2009,3,56789,56637,113426,0,0,0,56789,56637,113426
TOWNSVILLE,2009,4,61354,60487,121841,0,0,0,61354,60487,121841
TOWNSVILLE,2009,5,64684,63709,128393,0,0,0,64684,63709,128393
TOWNSVILLE,2009,6,63939,62856,126795,0,0,0,63939,62856,126795
TOWNSVILLE,2009,7,72573,70681,143254,0,0,0,72573,70681,143254
TOWNSVILLE,2009,8,67166,66240,133406,0,0,0,67166,66240,133406
TOWNSVILLE,2009,9,64553,65331,129884,0,0,0,64553,65331,129884
TOWNSVILLE,2009,10,67100,66383,133483,0,0,0,67100,66383,133483
TOWNSVILLE,2009,11,62942,62726,125668,0,0,0,62942,62726,125668
TOWNSVILLE,2009,12,61371,64099,125470,0,0,0,61371,64099,125470
TOWNSVILLE,2010,1,57683,54094,111777,0,0,0,57683,54094,111777
TOWNSVILLE,2010,2,54481,54482,108963,0,0,0,54481,54482,108963
TOWNSVILLE,2010,3,61328,59317,120645,0,0,0,61328,59317,120645
TOWNSVILLE,2010,4,63419,62319,125738,0,0,0,63419,62319,125738
TOWNSVILLE,2010,5,63472,62951,126423,0,0,0,63472,62951,126423
TOWNSVILLE,2010,6,66906,66752,133658,0,0,0,66906,66752,133658
TOWNSVILLE,2010,7,74752,73971,148723,0,0,0,74752,73971,148723
TOWNSVILLE,2010,8,73506,72594,146100,0,0,0,73506,72594,146100
TOWNSVILLE,2010,9,71311,73482,144793,0,0,0,71311,73482,144793
TOWNSVILLE,2010,10,72820,73249,146069,0,0,0,72820,73249,146069
TOWNSVILLE,2010,11,65417,67350,132767,0,0,0,65417,67350,132767
TOWNSVILLE,2010,12,68741,74353,143094,432,882,1314,69173,75235,144408
TOWNSVILLE,2011,1,63002,56390,119392,1124,818,1942,64126,57208,121334
TOWNSVILLE,2011,2,52145,51796,103941,567,593,1160,52712,52389,105101
TOWNSVILLE,2011,3,66595,67266,133861,537,617,1154,67132,67883,135015
TOWNSVILLE,2011,4,67086,66172,133258,437,567,1004,67523,66739,134262
TOWNSVILLE,2011,5,68038,68072,136110,524,321,845,68562,68393,136955
TOWNSVILLE,2011,6,66706,67428,134134,355,399,754,67061,67827,134888
TOWNSVILLE,2011,7,76522,74194,150716,611,514,1125,77133,74708,151841
TOWNSVILLE,2011,8,70256,72262,142518,400,340,740,70656,72602,143258
TOWNSVILLE,2011,9,70603,72577,143180,476,290,766,71079,72867,143946
TOWNSVILLE,2011,10,69682,69745,139427,15,87,102,69697,69832,139529
TOWNSVILLE,2011,11,65601,67450,133051,0,0,0,65601,67450,133051
TOWNSVILLE,2011,12,66509,71194,137703,0,0,0,66509,71194,137703
TOWNSVILLE,2012,1,62176,57171,119347,0,0,0,62176,57171,119347
TOWNSVILLE,2012,2,58957,58549,117506,0,0,0,58957,58549,117506
TOWNSVILLE,2012,3,65382,67338,132720,0,0,0,65382,67338,132720
TOWNSVILLE,2012,4,67048,64734,131782,0,0,0,67048,64734,131782
TOWNSVILLE,2012,5,68538,68825,137363,0,0,0,68538,68825,137363
TOWNSVILLE,2012,6,69123,69402,138525,0,0,0,69123,69402,138525
TOWNSVILLE,2012,7,74222,72849,147071,0,0,0,74222,72849,147071
TOWNSVILLE,2012,8,68534,70183,138717,0,0,0,68534,70183,138717
TOWNSVILLE,2012,9,67250,68960,136210,0,0,0,67250,68960,136210
TOWNSVILLE,2012,10,72062,71252,143314,0,0,0,72062,71252,143314
TOWNSVILLE,2012,11,65396,67853,133249,0,0,0,65396,67853,133249
TOWNSVILLE,2012,12,64520,69414,133934,0,0,0,64520,69414,133934
TOWNSVILLE,2013,1,61932,56480,118412,0,0,0,61932,56480,118412
TOWNSVILLE,2013,2,53701,53918,107619,0,0,0,53701,53918,107619
TOWNSVILLE,2013,3,61612,61684,123296,0,0,0,61612,61684,123296
TOWNSVILLE,2013,4,64547,62765,127312,0,0,0,64547,62765,127312
TOWNSVILLE,2013,5,64213,64376,128589,0,0,0,64213,64376,128589
TOWNSVILLE,2013,6,65780,66216,131996,0,0,0,65780,66216,131996
TOWNSVILLE,2013,7,75176,72844,148020,0,0,0,75176,72844,148020
TOWNSVILLE,2013,8,67861,69454,137315,0,0,0,67861,69454,137315
TOWNSVILLE,2013,9,68135,69670,137805,0,0,0,68135,69670,137805
TOWNSVILLE,2013,10,70418,69925,140343,0,0,0,70418,69925,140343
TOWNSVILLE,2013,11,59143,61744,120887,0,0,0,59143,61744,120887
TOWNSVILLE,2013,12,65561,69424,134985,0,0,0,65561,69424,134985
TOWNSVILLE,2014,1,58441,53757,112198,0,0,0,58441,53757,112198
TOWNSVILLE,2014,2,50287,50424,100711,0,0,0,50287,50424,100711
TOWNSVILLE,2014,3,58520,57261,115781,0,0,0,58520,57261,115781
TOWNSVILLE,2014,4,60736,61524,122260,0,0,0,60736,61524,122260
TOWNSVILLE,2014,5,62178,61671,123849,0,0,0,62178,61671,123849
TOWNSVILLE,2014,6,64444,64334,128778,0,0,0,64444,64334,128778
TOWNSVILLE,2014,7,72058,70381,142439,0,0,0,72058,70381,142439
TOWNSVILLE,2014,8,65323,66678,132001,0,0,0,65323,66678,132001
TOWNSVILLE,2014,9,65984,68438,134422,0,0,0,65984,68438,134422
TOWNSVILLE,2014,10,68153,67986,136139,0,0,0,68153,67986,136139
TOWNSVILLE,2014,11,57638,59537,117175,0,0,0,57638,59537,117175
TOWNSVILLE,2014,12,64541,67547,132088,0,0,0,64541,67547,132088
TOWNSVILLE,2015,1,57879,54030,111909,0,0,0,57879,54030,111909
TOWNSVILLE,2015,2,48886,49553,98439,0,0,0,48886,49553,98439
TOWNSVILLE,2015,3,59989,58009,117998,0,0,0,59989,58009,117998
TOWNSVILLE,2015,4,61695,62149,123844,0,0,0,61695,62149,123844
TOWNSVILLE,2015,5,62664,61362,124026,0,0,0,62664,61362,124026
TOWNSVILLE,2015,6,63967,63610,127577,0,0,0,63967,63610,127577
TOWNSVILLE,2015,7,73303,71720,145023,0,0,0,73303,71720,145023
TOWNSVILLE,2015,8,64519,66566,131085,0,0,0,64519,66566,131085
TOWNSVILLE,2015,9,66864,67845,134709,1111,1698,2809,67975,69543,137518
TOWNSVILLE,2015,10,67865,67814,135679,1815,1720,3535,69680,69534,139214
TOWNSVILLE,2015,11,59754,61357,121111,348,881,1229,60102,62238,122340
TOWNSVILLE,2015,12,62377,66334,128711,1571,1979,3550,63948,68313,132261
TOWNSVILLE,2016,1,58001,53823,111824,1864,1370,3234,59865,55193,115058
TOWNSVILLE,2016,2,49452,48711,98163,1352,1370,2722,50804,50081,100885
TOWNSVILLE,2016,3,58566,58563,117129,1555,1604,3159,60121,60167,120288
TOWNSVILLE,2016,4,61298,59331,120629,1417,1604,3021,62715,60935,123650
TOWNSVILLE,2016,5,63397,62570,125967,1685,1933,3618,65082,64503,129585
TOWNSVILLE,2016,6,64868,64899,129767,1663,2044,3707,66531,66943,133474
TOWNSVILLE,2016,7,72641,70220,142861,1973,1919,3892,74614,72139,146753
TOWNSVILLE,2016,8,64208,66056,130264,1609,1800,3409,65817,67856,133673
TOWNSVILLE,2016,9,66576,68269,134845,1969,1734,3703,68545,70003,138548
TOWNSVILLE,2016,10,64602,64935,129537,2053,1842,3895,66655,66777,133432
TOWNSVILLE,2016,11,58528,59861,118389,1523,1763,3286,60051,61624,121675
TOWNSVILLE,2016,12,61979,66646,128625,1746,2087,3833,63725,68733,132458
TOWNSVILLE,2017,1,57767,53413,111180,2224,1623,3847,59991,55036,115027
TOWNSVILLE,2017,2,48518,48312,96830,1677,1594,3271,50195,49906,100101
TOWNSVILLE,2017,3,56804,58317,115121,1603,1632,3235,58407,59949,118356
TOWNSVILLE,2017,4,64609,62128,126737,2025,2257,4282,66634,64385,131019
TOWNSVILLE,2017,5,60639,61928,122567,1954,2370,4324,62593,64298,126891
TOWNSVILLE,2017,6,66427,66254,132681,2106,2123,4229,68533,68377,136910
TOWNSVILLE,2017,7,76628,73840,150468,2452,2457,4909,79080,76297,155377
TOWNSVILLE,2017,8,69682,70924,140606,2373,2231,4604,72055,73155,145210
TOWNSVILLE,2017,9,68660,71256,139916,2197,2368,4565,70857,73624,144481
TOWNSVILLE,2017,10,70105,69779,139884,2278,2100,4378,72383,71879,144262
TOWNSVILLE,2017,11,62743,66059,128802,1622,1747,3369,64365,67806,132171
TOWNSVILLE,2017,12,65924,70774,136698,1467,2055,3522,67391,72829,140220
TOWNSVILLE,2018,1,62969,57216,120185,2279,2327,4606,65248,59543,124791
TOWNSVILLE,2018,2,51968,52403,104371,2180,2140,4320,54148,54543,108691
TOWNSVILLE,2018,3,67182,67984,135166,1744,1355,3099,68926,69339,138265
TOWNSVILLE,2018,4,63974,63336,127310,415,443,858,64389,63779,128168
TOWNSVILLE,2018,5,66895,67054,133949,263,284,547,67158,67338,134496
TOWNSVILLE,2018,6,65091,65021,130112,375,318,693,65466,65339,130805
TOWNSVILLE,2018,7,80489,78946,159435,425,383,808,80914,79329,160243
TOWNSVILLE,2018,8,72455,74122,146577,354,318,672,72809,74440,147249
TOWNSVILLE,2018,9,67395,69792,137187,252,332,584,67647,70124,137771
TOWNSVILLE,2018,10,70570,69634,140204,0,0,0,70570,69634,140204
TOWNSVILLE,2018,11,63340,65756,129096,0,0,0,63340,65756,129096
TOWNSVILLE,2018,12,63038,67481,130519,0,0,0,63038,67481,130519
TOWNSVILLE,2019,1,61344,56845,118189,0,0,0,61344,56845,118189
TOWNSVILLE,2019,2,50268,49998,100266,0,0,0,50268,49998,100266
TOWNSVILLE,2019,3,62804,63951,126755,0,0,0,62804,63951,126755
TOWNSVILLE,2019,4,67238,66720,133958,0,0,0,67238,66720,133958
TOWNSVILLE,2019,5,67451,67615,135066,0,0,0,67451,67615,135066
TOWNSVILLE,2019,6,68347,66772,135119,0,0,0,68347,66772,135119
TOWNSVILLE,2019,7,78060,76324,154384,0,0,0,78060,76324,154384
TOWNSVILLE,2019,8,72244,74283,146527,0,0,0,72244,74283,146527
TOWNSVILLE,2019,9,71820,73743,145563,0,0,0,71820,73743,145563
TOWNSVILLE,2019,10,72692,73110,145802,0,0,0,72692,73110,145802
TOWNSVILLE,2019,11,0,0,0,0,0,0,0,0,0
TOWNSVILLE,2019,12,0,0,0,0,0,0,0,0,0
TOWNSVILLE,2020,1,0,0,0,0,0,0,0,0,0
TOWNSVILLE,2020,2,0,0,0,0,0,0,0,0,0
TOWNSVILLE,2020,3,0,0,0,0,0,0,0,0,0
TOWNSVILLE,2020,4,0,0,0,0,0,0,0,0,0
TOWNSVILLE,2020,5,0,0,0,0,0,0,0,0,0
TOWNSVILLE,2020,6,0,0,0,0,0,0,0,0,0
TOWNSVILLE,2020,7,0,0,0,0,0,0,0,0,0
TOWNSVILLE,2020,8,0,0,0,0,0,0,0,0,0
TOWNSVILLE,2020,9,30779,30772,61551,0,0,0,30779,30772,61551
TOWNSVILLE,2020,10,33293,34139,67432,0,0,0,33293,34139,67432
TOWNSVILLE,2020,11,34426,34806,69232,0,0,0,34426,34806,69232
TOWNSVILLE,2020,12,46643,47427,94070,0,0,0,46643,47427,94070
TOWNSVILLE,2021,1,36601,36701,73302,0,0,0,36601,36701,73302
TOWNSVILLE,2021,2,35876,36302,72178,0,0,0,35876,36302,72178
TOWNSVILLE,2021,3,47197,46734,93931,0,0,0,47197,46734,93931
TOWNSVILLE,2021,4,54512,54531,109043,0,0,0,54512,54531,109043
TOWNSVILLE,2021,5,56918,55921,112839,0,0,0,56918,55921,112839
TOWNSVILLE,2021,6,55616,55914,111530,0,0,0,55616,55914,111530
TOWNSVILLE,2021,7,45465,45386,90851,0,0,0,45465,45386,90851
TOWNSVILLE,2021,8,28531,30449,58980,0,0,0,28531,30449,58980
TOWNSVILLE,2021,9,44252,45090,89342,0,0,0,44252,45090,89342
TOWNSVILLE,2021,10,42096,42471,84567,0,0,0,42096,42471,84567
TOWNSVILLE,2021,11,42950,43775,86725,0,0,0,42950,43775,86725
TOWNSVILLE,2021,12,52968,53049,106017,0,0,0,52968,53049,106017
TOWNSVILLE,2022,1,40703,39849,80552,0,0,0,40703,39849,80552
TOWNSVILLE,2022,2,37643,38041,75684,0,0,0,37643,38041,75684
TOWNSVILLE,2022,3,52878,53425,106303,0,0,0,52878,53425,106303
TOWNSVILLE,2022,4,67765,67181,134946,0,0,0,67765,67181,134946
TOWNSVILLE,2022,5,67961,66930,134891,0,0,0,67961,66930,134891
TOWNSVILLE,2022,6,73181,72557,145738,0,0,0,73181,72557,145738
TOWNSVILLE,2022,7,77032,76450,153482,0,0,0,77032,76450,153482
TOWNSVILLE,2022,8,70474,71884,142358,0,0,0,70474,71884,142358
TOWNSVILLE,2022,9,72163,73570,145733,0,0,0,72163,73570,145733
TOWNSVILLE,2022,10,71632,72223,143855,0,0,0,71632,72223,143855
TOWNSVILLE,2022,11,63881,66759,130640,0,0,0,63881,66759,130640
TOWNSVILLE,2022,12,63600,66405,130005,0,0,0,63600,66405,130005
TOWNSVILLE,2023,1,60780,57776,118556,0,0,0,60780,57776,118556
TOWNSVILLE,2023,2,54278,54972,109250,0,0,0,54278,54972,109250
TOWNSVILLE,2023,3,70734,70157,140891,0,0,0,70734,70157,140891
TOWNSVILLE,2023,4,68197,67452,135649,0,0,0,68197,67452,135649
TOWNSVILLE,2023,5,72574,71584,144158,0,0,0,72574,71584,144158
TOWNSVILLE,2023,6,78209,76273,154482,0,0,0,78209,76273,154482
TOWNSVILLE,2023,7,81864,80540,162404,0,0,0,81864,80540,162404
TOWNSVILLE,2023,8,76129,79501,155630,0,0,0,76129,79501,155630
TOWNSVILLE,2023,9,71745,73575,145320,0,0,0,71745,73575,145320
TOWNSVILLE,2023,10,73485,73111,146596,0,0,0,73485,73111,146596
TOWNSVILLE,2023,11,68318,70954,139272,0,0,0,68318,70954,139272
TOWNSVILLE,2023,12,68243,70691,138934,0,0,0,68243,70691,138934
TOWNSVILLE,2024,1,59516,55811,115327,0,0,0,59516,55811,115327
TOWNSVILLE,2024,2,59815,60581,120396,0,0,0,59815,60581,120396
TOWNSVILLE,2024,3,68045,67585,135630,0,0,0,68045,67585,135630
TOWNSVILLE,2024,4,69222,67664,136886,0,0,0,69222,67664,136886
TOWNSVILLE,2024,5,68461,67488,135949,0,0,0,68461,67488,135949
TOWNSVILLE,2024,6,69554,69469,139023,0,0,0,69554,69469,139023
,0,0,0,0,0,0,0,0,0,0,0
,0,0,0,0,0,0,0,0,0,0,0
,0,0,0,0,0,0,0,0,0,0,0
,0,0,0,0,0,0,0,0,0,0,0
,0,0,0,0,0,0,0,0,0,0,0
,0,0,0,0,0,0,0,0,0,0,0
,0,0,0,0,0,0,0,0,0,0,0
,0,0,0,0,0,0,0,0,0,0,0
,0,0,0,0,0,0,0,0,0,0,0
,0,0,0,0,0,0,0,0,0,0,0
,0,0,0,0,0,0,0,0,0,0,0
,0,0,0,0,0,0,0,0,0,0,0
,0,0,0,0,0,0,0,0,0,0,0
,0,0,0,0,0,0,0,0,0,0,0
,0,0,0,0,0,0,0,0,0,0,0
,0,0,0,0,0,0,0,0,0,0,0
,0,0,0,0,0,0,0,0,0,0,0
,0,0,0,0,0,0,0,0,0,0,0
,0,0,0,0,0,0,0,0,0,0,0
,0,0,0,0,0,0,0,0,0,0,0
,0,0,0,0,0,0,0,0,0,0,0
,0,0,0,0,0,0,0,0,0,0,0
,0,0,0,0,0,0,0,0,0,0,0
,0,0,0,0,0,0,0,0,0,0,0
,0,0,0,0,0,0,0,0,0,0,0
,0,0,0,0,0,0,0,0,0,0,0
,0,0,0,0,0,0,0,0,0,0,0
,0,0,0,0,0,0,0,0,0,0,0
,0,0,0,0,0,0,0,0,0,0,0
,0,0,0,0,0,0,0,0,0,0,0
,0,0,0,0,0,0,0,0,0,0,0
,0,0,0,0,0,0,0,0,0,0,0
,0,0,0,0,0,0,0,0,0,0,0
,0,0,0,0,0,0,0,0,0,0,0
,0,0,0,0,0,0,0,0,0,0,0
,0,0,0,0,0,0,0,0,0,0,0
,0,0,0,0,0,0,0,0,0,0,0
,0,0,0,0,0,0,0,0,0,0,0
,0,0,0,0,0,0,0,0,0,0,0
,0,0,0,0,0,0,0,0,0,0,0
,0,0,0,0,0,0,0,0,0,0,0
,0,0,0,0,0,0,0,0,0,0,0
,0,0,0,0,0,0,0,0,0,0,0
,0,0,0,0,0,0,0,0,0,0,0
,0,0,0,0,0,0,0,0,0,0,0
,0,0,0,0,0,0,0,0,0,0,0
,0,0,0,0,0,0,0,0,0,0,0
,0,0,0,0,0,0,0,0,0,0,0
,0,0,0,0,0,0,0,0,0,0,0
,0,0,0,0,0,0,0,0,0,0,0
,0,0,0,0,0,0,0,0,0,0,0
,0,0,0,0,0,0,0,0,0,0,0
,0,0,0,0,0,0,0,0,0,0,0
,0,0,0,0,0,0,0,0,0,0,0
,0,0,0,0,0,0,0,0,0,0,0
,0,0,0,0,0,0,0,0,0,0,0
,0,0,0,0,0,0,0,0,0,0,0
,0,0,0,0,0,0,0,0,0,0,0
,0,0,0,0,0,0,0,0,0,0,0
,0,0,0,0,0,0,0,0,0,0,0
,0,0,0,0,0,0,0,0,0,0,0
,0,0,0,0,0,0,0,0,0,0,0
,0,0,0,0,0,0,0,0,0,0,0
,0,0,0,0,0,0,0,0,0,0,0
,0,0,0,0,0,0,0,0,0,0,0
,0,0,0,0,0,0,0,0,0,0,0
,0,0,0,0,0,0,0,0,0,0,0
,0,0,0,0,0,0,0,0,0,0,0
,0,0,0,0,0,0,0,0,0,0,0
,0,0,0,0,0,0,0,0,0,0,0
,0,0,0,0,0,0,0,0,0,0,0
,0,0,0,0,0,0,0,0,0,0,0
,0,0,0,0,0,0,0,0,0,0,0
,0,0,0,0,0,0,0,0,0,0,0
,0,0,0,0,0,0,0,0,0,0,0
,0,0,0,0,0,0,0,0,0,0,0
,0,0,0,0,0,0,0,0,0,0,0
,0,0,0,0,0,0,0,0,0,0,0
,0,0,0,0,0,0,0,0,0,0,0
,0,0,0,0,0,0,0,0,0,0,0
,0,0,0,0,0,0,0,0,0,0,0
,0,0,0,0,0,0,0,0,0,0,0
,0,0,0,0,0,0,0,0,0,0,0
,0,0,0,0,0,0,0,0,0,0,0
,0,0,0,0,0,0,0,0,0,0,0
,0,0,0,0,0,0,0,0,0,0,0
,0,0,0,0,0,0,0,0,0,0,0
,0,0,0,0,0,0,0,0,0,0,0
,0,0,0,0,0,0,0,0,0,0,0
,0,0,0,0,0,0,0,0,0,0,0
,0,0,0,0,0,0,0,0,0,0,0
,0,0,0,0,0,0,0,0,0,0,0
,0,0,0,0,0,0,0,0,0,0,0
,0,0,0,0,0,0,0,0,0,0,0
,0,0,0,0,0,0,0,0,0,0,0
,0,0,0,0,0,0,0,0,0,0,0
,0,0,0,0,0,0,0,0,0,0,0
,0,0,0,0,0,0,0,0,0,0,0
,0,0,0,0,0,0,0,0,0,0,0
,0,0,0,0,0,0,0,0,0,0,0
,0,0,0,0,0,0,0,0,0,0,0
,0,0,0,0,0,0,0,0,0,0,0
,0,0,0,0,0,0,0,0,0,0,0
,0,0,0,0,0,0,0,0,0,0,0
,0,0,0,0,0,0,0,0,0,0,0
,0,0,0,0,0,0,0,0,0,0,0
,0,0,0,0,0,0,0,0,0,0,0
,0,0,0,0,0,0,0,0,0,0,0
,0,0,0,0,0,0,0,0,0,0,0
,0,0,0,0,0,0,0,0,0,0,0
,0,0,0,0,0,0,0,0,0,0,0
,0,0,0,0,0,0,0,0,0,0,0
,0,0,0,0,0,0,0,0,0,0,0
,0,0,0,0,0,0,0,0,0,0,0
,0,0,0,0,0,0,0,0,0,0,0
,0,0,0,0,0,0,0,0,0,0,0
,0,0,0,0,0,0,0,0,0,0,0
,0,0,0,0,0,0,0,0,0,0,0
,0,0,0,0,0,0,0,0,0,0,0
,0,0,0,0,0,0,0,0,0,0,0
,0,0,0,0,0,0,0,0,0,0,0
,0,0,0,0,0,0,0,0,0,0,0
,0,0,0,0,0,0,0,0,0,0,0
,0,0,0,0,0,0,0,0,0,0,0
,0,0,0,0,0,0,0,0,0,0,0
,0,0,0,0,0,0,0,0,0,0,0
,0,0,0,0,0,0,0,0,0,0,0
,0,0,0,0,0,0,0,0,0,0,0
,0,0,0,0,0,0,0,0,0,0,0
,0,0,0,0,0,0,0,0,0,0,0
,0,0,0,0,0,0,0,0,0,0,0
,0,0,0,0,0,0,0,0,0,0,0
,0,0,0,0,0,0,0,0,0,0,0
,0,0,0,0,0,0,0,0,0,0,0
,0,0,0,0,0,0,0,0,0,0,0
,0,0,0,0,0,0,0,0,0,0,0
,0,0,0,0,0,0,0,0,0,0,0
,0,0,0,0,0,0,0,0,0,0,0
,0,0,0,0,0,0,0,0,0,0,0
,0,0,0,0,0,0,0,0,0,0,0
,0,0,0,0,0,0,0,0,0,0,0
